1.000000e+00 1.000000e+02
2.000000e+00 -2.481479e+00
3.000000e+00 -2.155565e+00
4.000000e+00 -6.074103e-01
5.000000e+00 -1.333343e+00
6.000000e+00 -1.111068e-01
7.000000e+00 1.185222e-01
8.000000e+00 -2.634079e+01
9.000000e+00 -1.391198e+00
1.000000e+01 -1.709886e+00
1.100000e+01 -6.893216e-01
1.200000e+01 -1.460068e+00
1.300000e+01 -1.178905e+00
1.400000e+01 -1.463718e+00
1.500000e+01 -4.748791e-01
1.600000e+01 -1.108836e+00
1.700000e+01 -1.170315e+00
1.800000e+01 -1.183874e+00
1.900000e+01 -2.012283e+00
2.000000e+01 -1.905152e+00
2.100000e+01 -8.164963e-01
2.200000e+01 -2.499047e+00
2.300000e+01 -1.020730e+00
2.400000e+01 -2.186190e+00
2.500000e+01 -5.684544e-01
2.600000e+01 -1.057592e+00
2.700000e+01 -1.439686e+00
2.800000e+01 -1.593522e+00
2.900000e+01 -2.900868e+00
3.000000e+01 -1.068051e+00
3.100000e+01 -2.028988e+00
3.200000e+01 -1.821772e+00
3.300000e+01 -1.449804e+00
3.400000e+01 -2.179989e+00
3.500000e+01 -1.269556e+00
3.600000e+01 -2.165323e+00
3.700000e+01 -1.969359e+00
3.800000e+01 -8.907412e-01
3.900000e+01 -1.525122e+00
4.000000e+01 -3.631406e-01
4.100000e+01 -1.109921e+00
4.200000e+01 -1.817184e+00
4.300000e+01 -1.016747e+00
4.400000e+01 -2.371777e+00
4.500000e+01 -2.489682e+00
4.600000e+01 -2.395798e+00
4.700000e+01 -5.304818e-01
4.800000e+01 -1.840654e+00
4.900000e+01 -8.244671e-01
5.000000e+01 -1.231433e+00
5.100000e+01 -7.398868e-01
5.200000e+01 -2.844349e+00
5.300000e+01 -2.415674e+00
5.400000e+01 -1.999138e+00
5.500000e+01 -3.312484e+00
5.600000e+01 -4.429701e-01
5.700000e+01 -1.211849e+00
5.800000e+01 -1.026057e+00
5.900000e+01 -1.960535e+00
6.000000e+01 -1.113892e+00
6.100000e+01 -1.174154e+00
6.200000e+01 -2.080711e+00
6.300000e+01 -1.277637e+00
6.400000e+01 9.920926e-03
6.500000e+01 -1.110591e+00
6.600000e+01 -5.818870e-01
6.700000e+01 -1.310621e+00
6.800000e+01 -1.442133e+00
6.900000e+01 -1.643764e+00
7.000000e+01 -1.472937e+00
7.100000e+01 -2.824161e+00
7.200000e+01 -1.515407e+00
7.300000e+01 -1.434634e+00
7.400000e+01 -1.099137e+00
7.500000e+01 -6.141930e-02
7.600000e+01 -2.847822e+00
7.700000e+01 -1.652902e+00
7.800000e+01 -3.080926e+00
7.900000e+01 -1.801991e+00
8.000000e+01 -1.843057e+00
8.100000e+01 -2.007494e+00
8.200000e+01 -2.428585e+00
8.300000e+01 -1.424048e+00
8.400000e+01 -5.523269e-01
8.500000e+01 -7.044813e-01
8.600000e+01 -2.200248e+00
8.700000e+01 -1.616192e-01
8.800000e+01 -1.160779e+00
8.900000e+01 -1.011112e+00
9.000000e+01 -1.367341e+00
9.100000e+01 -1.758609e+00
9.200000e+01 -7.715204e-02
9.300000e+01 -4.494491e-01
9.400000e+01 -3.399889e-01
9.500000e+01 -4.851700e-01
9.600000e+01 -1.683399e+00
9.700000e+01 -4.066424e-01
9.800000e+01 -4.023321e-01
9.900000e+01 6.159204e-01
1.000000e+02 -7.739203e-01
1.010000e+02 -2.803519e-01
1.020000e+02 -7.879284e-01
1.030000e+02 -5.483256e-02
1.040000e+02 -4.647460e-01
1.050000e+02 2.405583e-01
1.060000e+02 -2.838214e-01
1.070000e+02 5.197207e-02
1.080000e+02 -5.381619e-01
1.090000e+02 3.105996e-02
1.100000e+02 -6.953514e-01
1.110000e+02 -3.817849e-01
1.120000e+02 -1.331188e+00
1.130000e+02 -6.566660e-01
1.140000e+02 -2.293032e+00
1.150000e+02 -1.503181e+00
1.160000e+02 -2.948440e-01
1.170000e+02 7.140835e-01
1.180000e+02 -1.013990e+00
1.190000e+02 -7.499953e-01
1.200000e+02 1.534223e-01
1.210000e+02 -6.182931e-01
1.220000e+02 -2.931008e-01
1.230000e+02 2.220380e-01
1.240000e+02 -8.692401e-01
1.250000e+02 -1.384796e+00
1.260000e+02 -1.315276e+00
1.270000e+02 9.831222e-03
1.280000e+02 -9.735263e-01
1.290000e+02 -9.419365e-01
1.300000e+02 -3.349204e-01
1.310000e+02 -6.460544e-01
1.320000e+02 -1.785766e+00
1.330000e+02 -1.240308e+00
1.340000e+02 -6.746353e-01
1.350000e+02 -5.435170e-02
1.360000e+02 -7.210945e-01
1.370000e+02 -2.720069e-01
1.380000e+02 -1.238347e+00
1.390000e+02 1.173526e-01
1.400000e+02 -1.020310e+00
1.410000e+02 -5.381209e-01
1.420000e+02 5.718152e-02
1.430000e+02 -3.800335e-01
1.440000e+02 -5.186664e-01
1.450000e+02 -4.550552e-01
1.460000e+02 2.272090e-01
1.470000e+02 -2.913868e-01
1.480000e+02 -1.454059e-01
1.490000e+02 -5.259893e-01
1.500000e+02 -9.806159e-01
1.510000e+02 -8.575430e-01
1.520000e+02 -1.593790e-01
1.530000e+02 -9.535682e-01
1.540000e+02 -6.796546e-01
1.550000e+02 -1.686816e-01
1.560000e+02 -9.070063e-01
1.570000e+02 -4.089945e-01
1.580000e+02 1.554903e-01
1.590000e+02 6.007796e-02
1.600000e+02 4.731059e-01
1.610000e+02 4.939991e-01
1.620000e+02 -4.116883e-01
1.630000e+02 4.550385e-01
1.640000e+02 -1.628653e-01
1.650000e+02 1.179441e+00
1.660000e+02 8.489134e-01
1.670000e+02 6.732760e-01
1.680000e+02 1.004392e+00
1.690000e+02 9.751649e-01
1.700000e+02 5.198422e-01
1.710000e+02 4.199256e-01
1.720000e+02 -3.498224e-01
1.730000e+02 -2.765705e-01
1.740000e+02 2.319036e-01
1.750000e+02 3.226060e-01
1.760000e+02 5.128844e-02
1.770000e+02 3.157790e-01
1.780000e+02 -8.972584e-01
1.790000e+02 -1.043716e+00
1.800000e+02 1.128820e-01
1.810000e+02 2.401368e-01
1.820000e+02 -6.989751e-01
1.830000e+02 2.287916e-01
1.840000e+02 -2.753328e-01
1.850000e+02 -3.272268e-01
1.860000e+02 2.907077e-01
1.870000e+02 4.127794e-01
1.880000e+02 -4.272066e-01
1.890000e+02 -4.568532e-02
1.900000e+02 6.939399e-01
1.910000e+02 3.778396e-01
1.920000e+02 2.973330e-01
1.930000e+02 -2.367679e-01
1.940000e+02 -1.756432e-02
1.950000e+02 1.161023e-01
1.960000e+02 -4.874561e-01
1.970000e+02 -1.015137e+00
1.980000e+02 -6.872141e-02
1.990000e+02 -3.763049e-01
2.000000e+02 -4.023831e-01
2.010000e+02 -9.748503e-01
2.020000e+02 -9.024134e-01
2.030000e+02 -4.063324e-01
2.040000e+02 4.192570e-01
2.050000e+02 -5.928541e-02
2.060000e+02 5.534407e-01
2.070000e+02 -2.340971e-01
2.080000e+02 -7.808189e-01
2.090000e+02 -1.158663e-01
2.100000e+02 1.451400e-01
2.110000e+02 6.585367e-01
2.120000e+02 -7.470835e-01
2.130000e+02 -4.080645e-01
2.140000e+02 5.781163e-01
2.150000e+02 5.486957e-01
2.160000e+02 -4.817494e-01
2.170000e+02 -8.354842e-01
2.180000e+02 -6.686248e-01
2.190000e+02 -5.109104e-02
2.200000e+02 -3.159525e-01
2.210000e+02 3.897038e-01
2.220000e+02 -2.396154e-01
2.230000e+02 -3.092674e-01
2.240000e+02 2.780965e-01
2.250000e+02 -2.037347e-01
2.260000e+02 -1.088787e-02
2.270000e+02 2.236581e-01
2.280000e+02 2.770305e-01
2.290000e+02 -2.586765e-01
2.300000e+02 -1.316878e-01
2.310000e+02 -1.514927e-01
2.320000e+02 -1.597821e-01
2.330000e+02 -2.290648e-02
2.340000e+02 9.353090e-01
2.350000e+02 -4.840319e-01
2.360000e+02 7.054098e-01
2.370000e+02 1.767430e-02
2.380000e+02 1.013131e-01
2.390000e+02 7.325153e-01
2.400000e+02 -2.014475e-01
2.410000e+02 9.595215e-02
2.420000e+02 2.106674e-01
2.430000e+02 6.140951e-01
2.440000e+02 8.919074e-01
2.450000e+02 6.692160e-01
2.460000e+02 6.554805e-01
2.470000e+02 7.349743e-02
2.480000e+02 5.526750e-01
2.490000e+02 6.551997e-01
2.500000e+02 -1.332980e-01
2.510000e+02 5.219881e-01
2.520000e+02 1.463049e-01
2.530000e+02 4.470214e-01
2.540000e+02 2.735983e-01
2.550000e+02 7.510948e-01
2.560000e+02 4.048031e-01
2.570000e+02 7.339470e-01
2.580000e+02 5.038573e-01
2.590000e+02 5.860203e-01
2.600000e+02 -4.798006e-01
2.610000e+02 4.868890e-01
2.620000e+02 -2.793711e-01
2.630000e+02 1.933636e-02
2.640000e+02 -2.287795e-01
2.650000e+02 1.229792e-01
2.660000e+02 -3.470356e-01
2.670000e+02 -2.177089e-02
2.680000e+02 -4.827003e-01
2.690000e+02 -2.624289e-01
2.700000e+02 -3.612911e-01
2.710000e+02 5.067734e-01
2.720000e+02 -9.045192e-01
2.730000e+02 -2.685481e-03
2.740000e+02 3.124306e-01
2.750000e+02 -7.850667e-03
2.760000e+02 -3.688548e-02
2.770000e+02 6.586500e-01
2.780000e+02 6.328927e-01
2.790000e+02 4.206727e-01
2.800000e+02 1.977961e-01
2.810000e+02 4.737872e-01
2.820000e+02 -2.799423e-01
2.830000e+02 5.786350e-02
2.840000e+02 5.858239e-01
2.850000e+02 4.836585e-02
2.860000e+02 2.124869e-01
2.870000e+02 -1.866764e-01
2.880000e+02 6.385755e-01
2.890000e+02 -4.988802e-01
2.900000e+02 -2.411061e-02
2.910000e+02 9.573506e-01
2.920000e+02 -4.633534e-01
2.930000e+02 2.203270e-02
2.940000e+02 9.316591e-02
2.950000e+02 -4.665693e-01
2.960000e+02 -3.574856e-01
2.970000e+02 4.407008e-01
2.980000e+02 -1.724753e-01
2.990000e+02 5.900126e-01
3.000000e+02 -6.087686e-01
3.010000e+02 -2.144778e-01
3.020000e+02 -1.305546e+00
3.030000e+02 -7.834103e-01
3.040000e+02 1.871067e-01
3.050000e+02 -4.316189e-02
3.060000e+02 4.772654e-01
3.070000e+02 -7.455108e-01
3.080000e+02 1.492486e-01
3.090000e+02 -9.985704e-02
3.100000e+02 3.737426e-01
3.110000e+02 2.080565e-01
3.120000e+02 -6.058874e-02
3.130000e+02 -3.058649e-01
3.140000e+02 -8.346715e-01
3.150000e+02 -4.635705e-01
3.160000e+02 -5.055814e-01
3.170000e+02 2.945131e-01
3.180000e+02 -5.419281e-01
3.190000e+02 -7.895730e-02
3.200000e+02 -7.715547e-01
3.210000e+02 1.199783e-01
3.220000e+02 -1.239509e-01
3.230000e+02 6.720339e-01
3.240000e+02 -5.579193e-02
3.250000e+02 1.784542e-01
3.260000e+02 -4.340327e-01
3.270000e+02 8.529222e-01
3.280000e+02 6.320175e-01
3.290000e+02 -6.154952e-01
3.300000e+02 -3.509646e-01
3.310000e+02 -3.899521e-01
3.320000e+02 -4.460710e-01
3.330000e+02 -8.164874e-01
3.340000e+02 5.474249e-01
3.350000e+02 4.219167e-01
3.360000e+02 -4.734091e-01
3.370000e+02 1.057701e+00
3.380000e+02 -7.664001e-01
3.390000e+02 -3.289402e-01
3.400000e+02 5.993893e-01
3.410000e+02 3.262228e-01
3.420000e+02 -8.022039e-01
3.430000e+02 2.037179e-01
3.440000e+02 3.621994e-01
3.450000e+02 2.557347e-02
3.460000e+02 5.836477e-01
3.470000e+02 8.953176e-01
3.480000e+02 2.082474e-02
3.490000e+02 -6.651614e-01
3.500000e+02 -9.500810e-01
3.510000e+02 -5.900168e-01
3.520000e+02 -5.095063e-01
3.530000e+02 -1.944723e-01
3.540000e+02 2.166657e-01
3.550000e+02 8.041103e-01
3.560000e+02 -5.156638e-01
3.570000e+02 -6.174587e-01
3.580000e+02 4.145276e-01
3.590000e+02 5.574321e-01
3.600000e+02 -5.355255e-01
3.610000e+02 -3.335353e-01
3.620000e+02 4.547174e-01
3.630000e+02 2.905193e-01
3.640000e+02 5.508222e-01
3.650000e+02 4.777772e-01
3.660000e+02 1.236557e-01
3.670000e+02 -2.512149e-01
3.680000e+02 1.438808e-01
3.690000e+02 -8.216884e-01
3.700000e+02 -1.078728e-01
3.710000e+02 4.538178e-01
3.720000e+02 -2.317550e-01
3.730000e+02 -1.294029e+00
3.740000e+02 -2.321787e-01
3.750000e+02 -2.535706e-01
3.760000e+02 -6.300780e-01
3.770000e+02 -5.561695e-01
3.780000e+02 2.506061e-01
3.790000e+02 -1.238296e-01
3.800000e+02 6.459265e-01
3.810000e+02 -9.670526e-01
3.820000e+02 3.292926e-03
3.830000e+02 -1.474942e-01
3.840000e+02 1.839970e-01
3.850000e+02 1.023902e+00
3.860000e+02 1.265122e+00
3.870000e+02 6.398044e-02
3.880000e+02 -1.276984e+00
3.890000e+02 -4.009103e+00
3.900000e+02 -3.969543e+00
3.910000e+02 -5.794368e+00
3.920000e+02 -5.500576e+00
3.930000e+02 -5.663354e+00
3.940000e+02 -5.188352e+00
3.950000e+02 -4.859751e+00
3.960000e+02 -3.899827e+00
3.970000e+02 -2.471353e+00
3.980000e+02 -5.155533e-01
3.990000e+02 9.446028e-01
4.000000e+02 1.776984e+00
4.010000e+02 4.366861e-01
4.020000e+02 4.691803e-01
4.030000e+02 1.241448e-01
4.040000e+02 -3.116232e-01
4.050000e+02 -1.102821e-02
4.060000e+02 4.585104e-01
4.070000e+02 2.896147e-01
4.080000e+02 -1.591525e-01
4.090000e+02 4.009704e-01
4.100000e+02 1.497772e-01
4.110000e+02 -1.795650e-01
4.120000e+02 -7.592867e-02
4.130000e+02 -9.062401e-01
4.140000e+02 3.089063e-01
4.150000e+02 7.005843e-01
4.160000e+02 6.049963e-01
4.170000e+02 -3.458795e-01
4.180000e+02 2.857506e-01
4.190000e+02 9.755133e-01
4.200000e+02 -7.235121e-01
4.210000e+02 -7.812280e-01
4.220000e+02 1.871859e-02
4.230000e+02 4.902827e-01
4.240000e+02 2.982674e-01
4.250000e+02 1.900299e+00
4.260000e+02 1.498789e-01
4.270000e+02 5.766013e-01
4.280000e+02 2.049803e-01
4.290000e+02 2.548667e-01
4.300000e+02 1.275189e-01
4.310000e+02 1.205288e-01
4.320000e+02 -6.169588e-01
4.330000e+02 -1.504064e-01
4.340000e+02 -7.050247e-01
4.350000e+02 -2.272705e-01
4.360000e+02 1.551063e-01
4.370000e+02 -6.988930e-02
4.380000e+02 -5.438195e-02
4.390000e+02 -2.129148e-01
4.400000e+02 -1.739125e-01
4.410000e+02 -4.510704e-02
4.420000e+02 5.597153e-01
4.430000e+02 1.734880e-01
4.440000e+02 -3.421128e-01
4.450000e+02 4.579718e-01
4.460000e+02 7.186028e-01
4.470000e+02 -7.105132e-01
4.480000e+02 -6.471935e-01
4.490000e+02 -9.601013e-01
4.500000e+02 3.358617e-01
4.510000e+02 -4.228748e-01
4.520000e+02 3.329067e-01
4.530000e+02 4.428555e-01
4.540000e+02 -8.719744e-02
4.550000e+02 3.990461e-01
4.560000e+02 2.843156e-02
4.570000e+02 -5.942631e-01
4.580000e+02 -2.119264e-01
4.590000e+02 7.206773e-01
4.600000e+02 2.269884e-01
4.610000e+02 1.091584e-02
4.620000e+02 2.944077e-01
4.630000e+02 -5.391239e-01
4.640000e+02 -2.475899e-01
4.650000e+02 -3.055737e-01
4.660000e+02 -6.374681e-01
4.670000e+02 -9.369963e-01
4.680000e+02 -1.322720e-01
4.690000e+02 -2.468999e-01
4.700000e+02 -1.473218e-01
4.710000e+02 9.347874e-02
4.720000e+02 -5.630499e-01
4.730000e+02 -5.408368e-01
4.740000e+02 9.905777e-01
4.750000e+02 1.867613e-01
4.760000e+02 -8.807667e-02
4.770000e+02 -3.971361e-01
4.780000e+02 -4.128771e-01
4.790000e+02 -5.795676e-01
4.800000e+02 -1.149898e-01
4.810000e+02 -4.738215e-01
4.820000e+02 -8.738686e-01
4.830000e+02 -5.111524e-01
4.840000e+02 7.831285e-02
4.850000e+02 -3.263629e-01
4.860000e+02 2.439327e-01
4.870000e+02 -8.160247e-01
4.880000e+02 2.486580e-01
4.890000e+02 -3.690577e-01
4.900000e+02 1.220121e-01
4.910000e+02 3.168385e-01
4.920000e+02 8.978391e-01
4.930000e+02 8.824392e-01
4.940000e+02 1.254930e-02
4.950000e+02 8.868059e-02
4.960000e+02 -2.743435e-01
4.970000e+02 7.716777e-01
4.980000e+02 5.726434e-01
4.990000e+02 -3.157459e-01
5.000000e+02 4.412427e-01
5.010000e+02 1.304423e-02
5.020000e+02 -8.900954e-01
5.030000e+02 -3.431161e-01
5.040000e+02 -3.876968e-01
5.050000e+02 -3.300879e-01
5.060000e+02 -1.347372e-01
5.070000e+02 -1.627097e-01
5.080000e+02 -5.023728e-01
5.090000e+02 5.095699e-02
5.100000e+02 3.207781e-01
5.110000e+02 8.950780e-01
5.120000e+02 2.581196e-01
5.130000e+02 3.575757e-01
5.140000e+02 -3.396115e-02
5.150000e+02 -3.302074e-01
5.160000e+02 9.811924e-01
5.170000e+02 -2.081609e-01
5.180000e+02 4.016934e-01
5.190000e+02 1.465349e-01
5.200000e+02 -5.397858e-01
5.210000e+02 3.027636e-01
5.220000e+02 6.972778e-01
5.230000e+02 1.098476e+00
5.240000e+02 -1.872610e-01
5.250000e+02 -9.587926e-03
5.260000e+02 -1.433511e-01
5.270000e+02 3.254944e-01
5.280000e+02 4.361106e-01
5.290000e+02 8.359562e-01
5.300000e+02 -2.629400e-01
5.310000e+02 7.737365e-01
5.320000e+02 9.676730e-01
5.330000e+02 -3.586929e-01
5.340000e+02 8.850167e-02
5.350000e+02 7.169303e-01
5.360000e+02 1.294874e-01
5.370000e+02 -2.286493e-01
5.380000e+02 1.952559e-01
5.390000e+02 7.505847e-01
5.400000e+02 1.428499e-01
5.410000e+02 7.327012e-01
5.420000e+02 -8.336837e-02
5.430000e+02 -3.182419e-02
5.440000e+02 -5.474914e-01
5.450000e+02 8.471687e-02
5.460000e+02 5.474145e-01
5.470000e+02 2.854550e-01
5.480000e+02 1.159294e+00
5.490000e+02 -6.152959e-01
5.500000e+02 -6.678676e-01
5.510000e+02 6.289094e-01
5.520000e+02 6.420053e-01
5.530000e+02 5.177413e-01
5.540000e+02 2.329503e-02
5.550000e+02 -3.393081e-02
5.560000e+02 -1.961359e-01
5.570000e+02 -5.676879e-01
5.580000e+02 -4.655552e-01
5.590000e+02 -9.181473e-01
5.600000e+02 -3.370153e-01
5.610000e+02 -9.740815e-03
5.620000e+02 4.873016e-01
5.630000e+02 2.239768e-01
5.640000e+02 1.329107e-01
5.650000e+02 1.042797e+00
5.660000e+02 2.242248e-01
5.670000e+02 3.960700e-02
5.680000e+02 1.296935e+00
5.690000e+02 -4.332236e-01
5.700000e+02 7.503881e-01
5.710000e+02 1.796796e-01
5.720000e+02 -6.393971e-01
5.730000e+02 2.905470e-01
5.740000e+02 -6.980880e-01
5.750000e+02 -3.590597e-01
5.760000e+02 -1.860105e-01
5.770000e+02 9.149533e-02
5.780000e+02 3.681396e-02
5.790000e+02 -2.556419e-01
5.800000e+02 1.803669e-01
5.810000e+02 -4.945233e-01
5.820000e+02 4.074795e-01
5.830000e+02 -2.755881e-01
5.840000e+02 6.347584e-01
5.850000e+02 -6.315423e-01
5.860000e+02 4.668528e-01
5.870000e+02 1.390918e-01
5.880000e+02 -4.595748e-01
5.890000e+02 3.775561e-01
5.900000e+02 8.454900e-03
5.910000e+02 8.022897e-01
5.920000e+02 5.400794e-01
5.930000e+02 -2.301720e-01
5.940000e+02 3.841733e-02
5.950000e+02 6.025612e-01
5.960000e+02 1.592065e-01
5.970000e+02 2.082155e-01
5.980000e+02 -4.807322e-01
5.990000e+02 -7.273283e-01
6.000000e+02 -6.596136e-01
6.010000e+02 -6.855883e-01
6.020000e+02 -3.269296e-01
6.030000e+02 -8.514764e-01
6.040000e+02 -7.156929e-01
6.050000e+02 -5.857505e-01
6.060000e+02 -7.211515e-01
6.070000e+02 4.357951e-01
6.080000e+02 6.394682e-01
6.090000e+02 6.057334e-01
6.100000e+02 -1.969608e-01
6.110000e+02 -8.042649e-01
6.120000e+02 -3.679655e-01
6.130000e+02 5.994614e-01
6.140000e+02 4.490483e-01
6.150000e+02 -2.532229e-01
6.160000e+02 -4.716226e-01
6.170000e+02 1.322974e-01
6.180000e+02 -8.672456e-02
6.190000e+02 3.706213e-01
6.200000e+02 1.013427e+00
6.210000e+02 1.233893e+00
6.220000e+02 -5.224614e+00
6.230000e+02 3.131309e-01
6.240000e+02 -1.483359e-01
6.250000e+02 8.236778e-03
6.260000e+02 6.921390e-01
6.270000e+02 1.312575e+00
6.280000e+02 -3.839765e-01
6.290000e+02 -1.541830e+00
6.300000e+02 2.935774e-02
6.310000e+02 4.683776e-01
6.320000e+02 3.445784e-01
6.330000e+02 -2.796317e-01
6.340000e+02 -1.791460e+00
6.350000e+02 -4.010174e-01
6.360000e+02 1.828393e+00
6.370000e+02 -7.600653e-01
6.380000e+02 1.315427e+00
6.390000e+02 2.961816e-01
6.400000e+02 -3.750093e-01
6.410000e+02 1.355082e+00
6.420000e+02 2.409972e+00
6.430000e+02 -5.930637e-01
6.440000e+02 1.065671e+00
6.450000e+02 4.783567e-01
6.460000e+02 1.435410e+00
6.470000e+02 2.088718e+00
6.480000e+02 3.543149e+00
6.490000e+02 1.025735e+00
6.500000e+02 -1.123671e+00
6.510000e+02 -2.947656e+00
6.520000e+02 -7.373228e-01
6.530000e+02 1.856110e+00
6.540000e+02 1.905961e+00
6.550000e+02 1.468489e+00
6.560000e+02 -1.307577e+00
6.570000e+02 -1.552817e+00
6.580000e+02 1.757456e+00
6.590000e+02 -1.278822e+00
6.600000e+02 2.324353e+00
6.610000e+02 7.956263e-01
6.620000e+02 1.032361e+00
6.630000e+02 -1.457669e+00
6.640000e+02 -3.098781e+00
6.650000e+02 4.049827e-01
6.660000e+02 -1.948933e+00
6.670000e+02 8.396512e-01
6.680000e+02 8.333288e-01
6.690000e+02 -1.991924e-01
6.700000e+02 -8.027093e-02
6.710000e+02 3.243467e-01
6.720000e+02 6.186472e-01
6.730000e+02 -4.361349e-01
6.740000e+02 -5.394636e-01
6.750000e+02 -7.152247e-02
6.760000e+02 2.536724e-01
6.770000e+02 6.281153e-01
6.780000e+02 -7.862346e-02
6.790000e+02 1.968990e-01
6.800000e+02 -4.511447e-01
6.810000e+02 -1.304868e+00
6.820000e+02 8.565758e-01
6.830000e+02 1.702952e-02
6.840000e+02 -1.224017e-01
6.850000e+02 -6.948909e-01
6.860000e+02 -4.542204e-01
6.870000e+02 3.338801e-01
6.880000e+02 9.826904e-02
6.890000e+02 -5.848882e-01
6.900000e+02 7.167684e-01
6.910000e+02 -3.991659e-01
6.920000e+02 -1.813704e-01
6.930000e+02 6.614047e-01
6.940000e+02 -2.589401e-01
6.950000e+02 7.275049e-01
6.960000e+02 -1.590689e-01
6.970000e+02 4.542627e-01
6.980000e+02 3.828689e-02
6.990000e+02 -2.248464e-01
7.000000e+02 5.688809e-01
7.010000e+02 -1.209629e-01
7.020000e+02 -1.498151e-01
7.030000e+02 -9.387821e-01
7.040000e+02 5.144797e-01
7.050000e+02 -5.331460e-01
7.060000e+02 6.631141e-01
7.070000e+02 -4.690919e-01
7.080000e+02 2.331293e-01
7.090000e+02 2.270044e-01
7.100000e+02 -3.639830e-02
7.110000e+02 3.326680e-01
7.120000e+02 -8.385036e-02
7.130000e+02 -7.712075e-01
7.140000e+02 -1.640723e+00
7.150000e+02 -1.920424e-01
7.160000e+02 -4.613163e-02
7.170000e+02 4.492440e-01
7.180000e+02 8.765448e-02
7.190000e+02 8.961823e-01
7.200000e+02 -3.500843e-01
7.210000e+02 -8.145441e-01
7.220000e+02 4.414304e-01
7.230000e+02 2.013066e-01
7.240000e+02 -5.115810e-01
7.250000e+02 3.758799e-01
7.260000e+02 1.941890e-01
7.270000e+02 1.987771e-01
7.280000e+02 4.142970e-01
7.290000e+02 6.026686e-01
7.300000e+02 1.148752e-02
7.310000e+02 1.354538e-01
7.320000e+02 1.271010e+00
7.330000e+02 3.924378e-01
7.340000e+02 9.743791e-01
7.350000e+02 8.329520e-01
7.360000e+02 -1.133254e-01
7.370000e+02 3.972917e-01
7.380000e+02 4.274916e-01
7.390000e+02 4.299280e-01
7.400000e+02 -2.614474e-01
7.410000e+02 2.976073e-01
7.420000e+02 5.249534e-01
7.430000e+02 -2.426689e-02
7.440000e+02 -2.776646e-01
7.450000e+02 -4.273803e-01
7.460000e+02 -2.715672e-01
7.470000e+02 9.189000e-01
7.480000e+02 2.044805e-01
7.490000e+02 -4.427366e-01
7.500000e+02 1.642335e-01
7.510000e+02 2.946270e-01
7.520000e+02 -8.079712e-01
7.530000e+02 -4.897207e-02
7.540000e+02 2.725556e-01
7.550000e+02 3.557504e-01
7.560000e+02 -2.849981e-01
7.570000e+02 -1.822242e-01
7.580000e+02 1.723379e-01
7.590000e+02 -6.526249e-01
7.600000e+02 -6.069506e-01
7.610000e+02 1.879425e-01
7.620000e+02 -6.164525e-01
7.630000e+02 -4.104393e-01
7.640000e+02 4.679734e-01
7.650000e+02 -6.303361e-01
7.660000e+02 -2.671130e-01
7.670000e+02 1.994211e-01
7.680000e+02 -1.566389e-01
7.690000e+02 5.038000e-01
7.700000e+02 -1.070582e+00
7.710000e+02 2.239754e-01
7.720000e+02 4.502315e-02
7.730000e+02 8.938870e-01
7.740000e+02 2.850807e-01
7.750000e+02 4.973748e-01
7.760000e+02 -2.614362e-01
7.770000e+02 -2.559294e+00
7.780000e+02 5.416591e-01
7.790000e+02 1.977377e-01
7.800000e+02 4.135322e-02
7.810000e+02 4.709632e-01
7.820000e+02 1.276849e+00
7.830000e+02 -2.942695e-01
7.840000e+02 -2.579423e-01
7.850000e+02 -1.335987e+00
7.860000e+02 1.322741e-01
7.870000e+02 3.137593e-01
7.880000e+02 -8.274947e-01
7.890000e+02 4.128037e-01
7.900000e+02 1.846167e-01
7.910000e+02 7.811290e-01
7.920000e+02 -3.525879e-01
7.930000e+02 -7.078411e-02
7.940000e+02 -6.042379e-01
7.950000e+02 -6.787866e-02
7.960000e+02 -2.989628e-02
7.970000e+02 5.777447e-02
7.980000e+02 5.978933e-01
7.990000e+02 -4.268310e-01
8.000000e+02 -4.039681e-01
8.010000e+02 8.017233e-02
8.020000e+02 -1.275849e+00
8.030000e+02 6.294969e-01
8.040000e+02 3.667991e-01
8.050000e+02 1.125572e+00
8.060000e+02 -5.030494e-01
8.070000e+02 5.739046e-01
8.080000e+02 1.085045e+00
8.090000e+02 -3.865744e-01
8.100000e+02 -4.465133e-01
8.110000e+02 1.049956e+00
8.120000e+02 9.824892e-01
8.130000e+02 9.531908e-01
8.140000e+02 1.105245e+00
8.150000e+02 4.536210e-01
8.160000e+02 -7.603376e-01
8.170000e+02 1.432814e+00
8.180000e+02 6.635662e-01
8.190000e+02 2.810780e-01
8.200000e+02 1.967297e-01
8.210000e+02 3.001580e-02
8.220000e+02 -2.581648e-01
8.230000e+02 -4.427127e-01
8.240000e+02 3.511654e-01
8.250000e+02 8.743596e-02
8.260000e+02 6.453428e-01
8.270000e+02 4.573622e-02
8.280000e+02 -5.320049e-01
8.290000e+02 6.461551e-01
8.300000e+02 9.520184e-01
8.310000e+02 9.646400e-01
8.320000e+02 3.960293e-01
8.330000e+02 1.228803e+00
8.340000e+02 8.010872e-01
8.350000e+02 1.223068e+00
8.360000e+02 5.710079e-01
8.370000e+02 1.098426e+00
8.380000e+02 1.296386e+00
8.390000e+02 9.719605e-02
8.400000e+02 1.026784e+00
8.410000e+02 4.844811e-01
8.420000e+02 3.432541e-01
8.430000e+02 1.270398e+00
8.440000e+02 7.260026e-01
8.450000e+02 4.388388e-01
8.460000e+02 1.596596e+00
8.470000e+02 2.269441e+00
8.480000e+02 1.561858e+00
8.490000e+02 1.769821e+00
8.500000e+02 5.704170e-01
8.510000e+02 1.250532e+00
8.520000e+02 1.078398e+00
8.530000e+02 1.272718e+00
8.540000e+02 1.425259e+00
8.550000e+02 2.151397e+00
8.560000e+02 1.766210e+00
8.570000e+02 1.122651e+00
8.580000e+02 2.092281e+00
8.590000e+02 2.374955e+00
8.600000e+02 2.565228e+00
8.610000e+02 2.002933e+00
8.620000e+02 1.829948e+00
8.630000e+02 1.033475e+00
8.640000e+02 1.565821e+00
8.650000e+02 1.927409e+00
8.660000e+02 1.222098e+00
8.670000e+02 2.001389e+00
8.680000e+02 1.297810e+00
8.690000e+02 8.474992e-01
8.700000e+02 2.415175e+00
8.710000e+02 3.157068e+00
8.720000e+02 2.516299e+00
8.730000e+02 2.461926e+00
8.740000e+02 3.159917e-02
8.750000e+02 2.995047e+00
8.760000e+02 3.025865e+00
8.770000e+02 3.395153e+00
8.780000e+02 2.915228e+00
8.790000e+02 3.403907e+00
8.800000e+02 3.057605e+00
8.810000e+02 3.522532e+00
8.820000e+02 3.014438e+00
8.830000e+02 3.505468e+00
8.840000e+02 3.447528e+00
8.850000e+02 3.805387e+00
8.860000e+02 3.372059e+00
8.870000e+02 4.444095e+00
8.880000e+02 2.435534e+00
8.890000e+02 3.320073e+00
8.900000e+02 4.094583e+00
8.910000e+02 3.559700e+00
8.920000e+02 4.141196e+00
8.930000e+02 2.631651e+00
8.940000e+02 4.505468e+00
8.950000e+02 3.710513e+00
8.960000e+02 4.472278e+00
8.970000e+02 5.506593e+00
8.980000e+02 6.148847e+00
8.990000e+02 4.711927e+00
9.000000e+02 4.024277e+00
9.010000e+02 5.669944e+00
9.020000e+02 5.050399e+00
9.030000e+02 5.704552e+00
9.040000e+02 4.942761e+00
9.050000e+02 5.780366e+00
9.060000e+02 5.800436e+00
9.070000e+02 5.527031e+00
9.080000e+02 5.327223e+00
9.090000e+02 5.249185e+00
9.100000e+02 5.507210e+00
9.110000e+02 5.057644e+00
9.120000e+02 6.747296e+00
9.130000e+02 7.313972e+00
9.140000e+02 7.332393e+00
9.150000e+02 8.394944e+00
9.160000e+02 7.536004e+00
9.170000e+02 7.654693e+00
9.180000e+02 7.834936e+00
9.190000e+02 6.796067e+00
9.200000e+02 7.735813e+00
9.210000e+02 8.086582e+00
9.220000e+02 8.477841e+00
9.230000e+02 8.690049e+00
9.240000e+02 7.256502e+00
9.250000e+02 8.672333e+00
9.260000e+02 9.674897e+00
9.270000e+02 8.845999e+00
9.280000e+02 9.478916e+00
9.290000e+02 8.797344e+00
9.300000e+02 9.501490e+00
9.310000e+02 1.024728e+01
9.320000e+02 1.055391e+01
9.330000e+02 1.025395e+01
9.340000e+02 1.036053e+01
9.350000e+02 1.152520e+01
9.360000e+02 9.551774e+00
9.370000e+02 1.011813e+01
9.380000e+02 1.080576e+01
9.390000e+02 1.070326e+01
9.400000e+02 1.122369e+01
9.410000e+02 1.120769e+01
9.420000e+02 1.162445e+01
9.430000e+02 1.066957e+01
9.440000e+02 1.259012e+01
9.450000e+02 1.206214e+01
9.460000e+02 1.286461e+01
9.470000e+02 1.180423e+01
9.480000e+02 1.332249e+01
9.490000e+02 1.310126e+01
9.500000e+02 1.514308e+01
9.510000e+02 1.257191e+01
9.520000e+02 1.362742e+01
9.530000e+02 1.424625e+01
9.540000e+02 1.425520e+01
9.550000e+02 1.313766e+01
9.560000e+02 1.443649e+01
9.570000e+02 1.239176e+01
9.580000e+02 1.559284e+01
9.590000e+02 1.609987e+01
9.600000e+02 1.506767e+01
9.610000e+02 1.512823e+01
9.620000e+02 1.543956e+01
9.630000e+02 1.543412e+01
9.640000e+02 1.621563e+01
9.650000e+02 1.630516e+01
9.660000e+02 1.586689e+01
9.670000e+02 1.629017e+01
9.680000e+02 1.699249e+01
9.690000e+02 1.808754e+01
9.700000e+02 1.756022e+01
9.710000e+02 1.749769e+01
9.720000e+02 1.795696e+01
9.730000e+02 1.810433e+01
9.740000e+02 1.773805e+01
9.750000e+02 1.811653e+01
9.760000e+02 1.916985e+01
9.770000e+02 1.953395e+01
9.780000e+02 1.918059e+01
9.790000e+02 1.986761e+01
9.800000e+02 1.904337e+01
9.810000e+02 2.036854e+01
9.820000e+02 1.950946e+01
9.830000e+02 1.791682e+01
9.840000e+02 1.994264e+01
9.850000e+02 2.133224e+01
9.860000e+02 2.144889e+01
9.870000e+02 2.183339e+01
9.880000e+02 2.158911e+01
9.890000e+02 2.072349e+01
9.900000e+02 2.160846e+01
9.910000e+02 2.350520e+01
9.920000e+02 2.362446e+01
9.930000e+02 2.176409e+01
9.940000e+02 2.393867e+01
9.950000e+02 2.477808e+01
9.960000e+02 2.483738e+01
9.970000e+02 2.386221e+01
9.980000e+02 2.532284e+01
9.990000e+02 2.471469e+01
1.000000e+03 2.466200e+01
1.001000e+03 2.518791e+01
1.002000e+03 2.659770e+01
1.003000e+03 2.639861e+01
1.004000e+03 2.527413e+01
1.005000e+03 2.736859e+01
1.006000e+03 2.617894e+01
1.007000e+03 2.714230e+01
1.008000e+03 2.692762e+01
1.009000e+03 2.856740e+01
1.010000e+03 2.687952e+01
1.011000e+03 2.818546e+01
1.012000e+03 2.813410e+01
1.013000e+03 2.856352e+01
1.014000e+03 2.926828e+01
1.015000e+03 2.937501e+01
1.016000e+03 2.901942e+01
1.017000e+03 3.101602e+01
1.018000e+03 2.997552e+01
1.019000e+03 3.015716e+01
1.020000e+03 2.998499e+01
1.021000e+03 2.932387e+01
1.022000e+03 2.979325e+01
1.023000e+03 3.185317e+01
1.024000e+03 2.969960e+01
1.025000e+03 3.008201e+01
1.026000e+03 3.015291e+01
1.027000e+03 3.058554e+01
1.028000e+03 3.049174e+01
1.029000e+03 3.303024e+01
1.030000e+03 3.388882e+01
1.031000e+03 3.281382e+01
1.032000e+03 3.158927e+01
1.033000e+03 3.316061e+01
1.034000e+03 3.411919e+01
1.035000e+03 3.292574e+01
1.036000e+03 3.400491e+01
1.037000e+03 3.214389e+01
1.038000e+03 3.375127e+01
1.039000e+03 3.354400e+01
1.040000e+03 3.471108e+01
1.041000e+03 3.498733e+01
1.042000e+03 3.428056e+01
1.043000e+03 3.599254e+01
1.044000e+03 3.443911e+01
1.045000e+03 3.618021e+01
1.046000e+03 3.672556e+01
1.047000e+03 3.521957e+01
1.048000e+03 3.645673e+01
1.049000e+03 3.642926e+01
1.050000e+03 3.744004e+01
1.051000e+03 3.710451e+01
1.052000e+03 3.762817e+01
1.053000e+03 3.811741e+01
1.054000e+03 3.677668e+01
1.055000e+03 3.728175e+01
1.056000e+03 3.823176e+01
1.057000e+03 3.868977e+01
1.058000e+03 3.917706e+01
1.059000e+03 3.981154e+01
1.060000e+03 3.779910e+01
1.061000e+03 3.847823e+01
1.062000e+03 3.866525e+01
1.063000e+03 3.918031e+01
1.064000e+03 4.082978e+01
1.065000e+03 3.992903e+01
1.066000e+03 3.999444e+01
1.067000e+03 4.004690e+01
1.068000e+03 4.078556e+01
1.069000e+03 4.063721e+01
1.070000e+03 3.924321e+01
1.071000e+03 4.078428e+01
1.072000e+03 4.265840e+01
1.073000e+03 4.208921e+01
1.074000e+03 4.237959e+01
1.075000e+03 4.284496e+01
1.076000e+03 4.077761e+01
1.077000e+03 4.368111e+01
1.078000e+03 4.266640e+01
1.079000e+03 4.266688e+01
1.080000e+03 4.382924e+01
1.081000e+03 4.352839e+01
1.082000e+03 4.450466e+01
1.083000e+03 4.501720e+01
1.084000e+03 4.535835e+01
1.085000e+03 4.307067e+01
1.086000e+03 4.232043e+01
1.087000e+03 4.429138e+01
1.088000e+03 4.380152e+01
1.089000e+03 4.480066e+01
1.090000e+03 4.472719e+01
1.091000e+03 4.441304e+01
1.092000e+03 4.404529e+01
1.093000e+03 4.604641e+01
1.094000e+03 4.401433e+01
1.095000e+03 4.515152e+01
1.096000e+03 4.519459e+01
1.097000e+03 4.421311e+01
1.098000e+03 4.339019e+01
1.099000e+03 4.385157e+01
1.100000e+03 4.402066e+01
1.101000e+03 4.451929e+01
1.102000e+03 4.596931e+01
1.103000e+03 4.673113e+01
1.104000e+03 4.634414e+01
1.105000e+03 4.582454e+01
1.106000e+03 4.611385e+01
1.107000e+03 4.531777e+01
1.108000e+03 4.568869e+01
1.109000e+03 4.658146e+01
1.110000e+03 4.692710e+01
1.111000e+03 4.648814e+01
1.112000e+03 4.641516e+01
1.113000e+03 4.607597e+01
1.114000e+03 4.697747e+01
1.115000e+03 4.722481e+01
1.116000e+03 4.633666e+01
1.117000e+03 4.622030e+01
1.118000e+03 4.717379e+01
1.119000e+03 4.643769e+01
1.120000e+03 4.608036e+01
1.121000e+03 4.745598e+01
1.122000e+03 4.889363e+01
1.123000e+03 4.705786e+01
1.124000e+03 4.731188e+01
1.125000e+03 4.647411e+01
1.126000e+03 4.737636e+01
1.127000e+03 4.854151e+01
1.128000e+03 4.827282e+01
1.129000e+03 4.698034e+01
1.130000e+03 4.728830e+01
1.131000e+03 4.903285e+01
1.132000e+03 4.901610e+01
1.133000e+03 4.660117e+01
1.134000e+03 4.734113e+01
1.135000e+03 4.915235e+01
1.136000e+03 4.755846e+01
1.137000e+03 4.969903e+01
1.138000e+03 4.860461e+01
1.139000e+03 4.828645e+01
1.140000e+03 4.800853e+01
1.141000e+03 4.646889e+01
1.142000e+03 4.835698e+01
1.143000e+03 4.932629e+01
1.144000e+03 5.028048e+01
1.145000e+03 4.906355e+01
1.146000e+03 4.953845e+01
1.147000e+03 4.921005e+01
1.148000e+03 4.973613e+01
1.149000e+03 4.889293e+01
1.150000e+03 4.747800e+01
1.151000e+03 4.859067e+01
1.152000e+03 4.940816e+01
1.153000e+03 4.928633e+01
1.154000e+03 4.794267e+01
1.155000e+03 4.840137e+01
1.156000e+03 4.960276e+01
1.157000e+03 4.848214e+01
1.158000e+03 4.848696e+01
1.159000e+03 4.907903e+01
1.160000e+03 4.878743e+01
1.161000e+03 4.724864e+01
1.162000e+03 4.827554e+01
1.163000e+03 5.005974e+01
1.164000e+03 4.632484e+01
1.165000e+03 4.856563e+01
1.166000e+03 4.839137e+01
1.167000e+03 4.867217e+01
1.168000e+03 4.847807e+01
1.169000e+03 4.945220e+01
1.170000e+03 4.812058e+01
1.171000e+03 4.851281e+01
1.172000e+03 4.806849e+01
1.173000e+03 4.801122e+01
1.174000e+03 4.765871e+01
1.175000e+03 4.776891e+01
1.176000e+03 4.836069e+01
1.177000e+03 5.019447e+01
1.178000e+03 4.900576e+01
1.179000e+03 4.954474e+01
1.180000e+03 4.807702e+01
1.181000e+03 4.805592e+01
1.182000e+03 4.732686e+01
1.183000e+03 4.909158e+01
1.184000e+03 4.713377e+01
1.185000e+03 5.016894e+01
1.186000e+03 4.734067e+01
1.187000e+03 4.665097e+01
1.188000e+03 4.690037e+01
1.189000e+03 4.856269e+01
1.190000e+03 4.841532e+01
1.191000e+03 4.790697e+01
1.192000e+03 4.697362e+01
1.193000e+03 4.708125e+01
1.194000e+03 4.779428e+01
1.195000e+03 4.658031e+01
1.196000e+03 4.660264e+01
1.197000e+03 4.760077e+01
1.198000e+03 4.612797e+01
1.199000e+03 4.700459e+01
1.200000e+03 4.505946e+01
1.201000e+03 4.539435e+01
1.202000e+03 4.837923e+01
1.203000e+03 4.718920e+01
1.204000e+03 4.873044e+01
1.205000e+03 4.746580e+01
1.206000e+03 4.671793e+01
1.207000e+03 4.724810e+01
1.208000e+03 4.617092e+01
1.209000e+03 4.713139e+01
1.210000e+03 4.670535e+01
1.211000e+03 4.657359e+01
1.212000e+03 4.731641e+01
1.213000e+03 4.702537e+01
1.214000e+03 4.740692e+01
1.215000e+03 4.706879e+01
1.216000e+03 4.580053e+01
1.217000e+03 4.498834e+01
1.218000e+03 4.450949e+01
1.219000e+03 4.546615e+01
1.220000e+03 4.581141e+01
1.221000e+03 4.432412e+01
1.222000e+03 4.503776e+01
1.223000e+03 4.576259e+01
1.224000e+03 4.672738e+01
1.225000e+03 4.428409e+01
1.226000e+03 4.542992e+01
1.227000e+03 4.596632e+01
1.228000e+03 4.434483e+01
1.229000e+03 4.416181e+01
1.230000e+03 4.390462e+01
1.231000e+03 4.436175e+01
1.232000e+03 4.389299e+01
1.233000e+03 4.500460e+01
1.234000e+03 4.400224e+01
1.235000e+03 4.362682e+01
1.236000e+03 4.438811e+01
1.237000e+03 4.457039e+01
1.238000e+03 4.418429e+01
1.239000e+03 4.355226e+01
1.240000e+03 4.316639e+01
1.241000e+03 4.436093e+01
1.242000e+03 4.331310e+01
1.243000e+03 4.254431e+01
1.244000e+03 4.387399e+01
1.245000e+03 4.252576e+01
1.246000e+03 4.229101e+01
1.247000e+03 4.335187e+01
1.248000e+03 4.209865e+01
1.249000e+03 4.278080e+01
1.250000e+03 4.151840e+01
1.251000e+03 4.124926e+01
1.252000e+03 4.082567e+01
1.253000e+03 4.193837e+01
1.254000e+03 4.056531e+01
1.255000e+03 4.235600e+01
1.256000e+03 4.079047e+01
1.257000e+03 4.180359e+01
1.258000e+03 4.233824e+01
1.259000e+03 4.104444e+01
1.260000e+03 4.121539e+01
1.261000e+03 4.174659e+01
1.262000e+03 4.207922e+01
1.263000e+03 4.026527e+01
1.264000e+03 4.028967e+01
1.265000e+03 4.075939e+01
1.266000e+03 3.935672e+01
1.267000e+03 4.036547e+01
1.268000e+03 3.961847e+01
1.269000e+03 4.016353e+01
1.270000e+03 4.080423e+01
1.271000e+03 3.880018e+01
1.272000e+03 3.824866e+01
1.273000e+03 3.962777e+01
1.274000e+03 3.956668e+01
1.275000e+03 3.934248e+01
1.276000e+03 3.884524e+01
1.277000e+03 3.841587e+01
1.278000e+03 3.793893e+01
1.279000e+03 3.725080e+01
1.280000e+03 3.819329e+01
1.281000e+03 3.697947e+01
1.282000e+03 3.771764e+01
1.283000e+03 3.701557e+01
1.284000e+03 3.650213e+01
1.285000e+03 3.759999e+01
1.286000e+03 3.735666e+01
1.287000e+03 3.780390e+01
1.288000e+03 3.569956e+01
1.289000e+03 3.611093e+01
1.290000e+03 3.588542e+01
1.291000e+03 3.520393e+01
1.292000e+03 3.504516e+01
1.293000e+03 3.667567e+01
1.294000e+03 3.643391e+01
1.295000e+03 3.574907e+01
1.296000e+03 3.641423e+01
1.297000e+03 3.487670e+01
1.298000e+03 3.464999e+01
1.299000e+03 3.563437e+01
1.300000e+03 3.482402e+01
1.301000e+03 3.580767e+01
1.302000e+03 3.527256e+01
1.303000e+03 3.524416e+01
1.304000e+03 3.499567e+01
1.305000e+03 3.301957e+01
1.306000e+03 3.458647e+01
1.307000e+03 3.490812e+01
1.308000e+03 3.352845e+01
1.309000e+03 3.311025e+01
1.310000e+03 3.337173e+01
1.311000e+03 3.387923e+01
1.312000e+03 3.303864e+01
1.313000e+03 3.362873e+01
1.314000e+03 3.229313e+01
1.315000e+03 3.206424e+01
1.316000e+03 3.369597e+01
1.317000e+03 3.251773e+01
1.318000e+03 3.352577e+01
1.319000e+03 3.122706e+01
1.320000e+03 3.240039e+01
1.321000e+03 3.197254e+01
1.322000e+03 3.159496e+01
1.323000e+03 3.173000e+01
1.324000e+03 3.221943e+01
1.325000e+03 3.109255e+01
1.326000e+03 3.151610e+01
1.327000e+03 3.243922e+01
1.328000e+03 3.076434e+01
1.329000e+03 2.956096e+01
1.330000e+03 3.067627e+01
1.331000e+03 3.035600e+01
1.332000e+03 2.901827e+01
1.333000e+03 3.070316e+01
1.334000e+03 2.977909e+01
1.335000e+03 2.873272e+01
1.336000e+03 3.031444e+01
1.337000e+03 2.854074e+01
1.338000e+03 2.867748e+01
1.339000e+03 2.943353e+01
1.340000e+03 2.823838e+01
1.341000e+03 2.897155e+01
1.342000e+03 2.829016e+01
1.343000e+03 2.868390e+01
1.344000e+03 2.753901e+01
1.345000e+03 2.812295e+01
1.346000e+03 3.025591e+01
1.347000e+03 2.758166e+01
1.348000e+03 2.793613e+01
1.349000e+03 2.838584e+01
1.350000e+03 2.811757e+01
1.351000e+03 2.748421e+01
1.352000e+03 2.760236e+01
1.353000e+03 2.806892e+01
1.354000e+03 2.626754e+01
1.355000e+03 2.771154e+01
1.356000e+03 2.690282e+01
1.357000e+03 2.721368e+01
1.358000e+03 2.632953e+01
1.359000e+03 2.521643e+01
1.360000e+03 2.673042e+01
1.361000e+03 2.608644e+01
1.362000e+03 2.565909e+01
1.363000e+03 2.589960e+01
1.364000e+03 2.761640e+01
1.365000e+03 2.508767e+01
1.366000e+03 2.596879e+01
1.367000e+03 2.476232e+01
1.368000e+03 2.693576e+01
1.369000e+03 2.542529e+01
1.370000e+03 2.470324e+01
1.371000e+03 2.565764e+01
1.372000e+03 2.530621e+01
1.373000e+03 2.475817e+01
1.374000e+03 2.393161e+01
1.375000e+03 2.576751e+01
1.376000e+03 2.559710e+01
1.377000e+03 2.382614e+01
1.378000e+03 2.470528e+01
1.379000e+03 2.441247e+01
1.380000e+03 2.359318e+01
1.381000e+03 2.376103e+01
1.382000e+03 2.396421e+01
1.383000e+03 2.425090e+01
1.384000e+03 2.342906e+01
1.385000e+03 2.417737e+01
1.386000e+03 2.387496e+01
1.387000e+03 2.340670e+01
1.388000e+03 2.375880e+01
1.389000e+03 2.258300e+01
1.390000e+03 2.323269e+01
1.391000e+03 2.258965e+01
1.392000e+03 2.168744e+01
1.393000e+03 2.285515e+01
1.394000e+03 2.298175e+01
1.395000e+03 2.171514e+01
1.396000e+03 2.218345e+01
1.397000e+03 2.273036e+01
1.398000e+03 2.167029e+01
1.399000e+03 2.270323e+01
1.400000e+03 2.122008e+01
1.401000e+03 2.168127e+01
1.402000e+03 2.133186e+01
1.403000e+03 2.115793e+01
1.404000e+03 2.226315e+01
1.405000e+03 2.104580e+01
1.406000e+03 2.088360e+01
1.407000e+03 2.028076e+01
1.408000e+03 1.995113e+01
1.409000e+03 1.925910e+01
1.410000e+03 1.962160e+01
1.411000e+03 2.053479e+01
1.412000e+03 2.028633e+01
1.413000e+03 2.042251e+01
1.414000e+03 2.105276e+01
1.415000e+03 2.001783e+01
1.416000e+03 1.899780e+01
1.417000e+03 1.939220e+01
1.418000e+03 2.092756e+01
1.419000e+03 1.942690e+01
1.420000e+03 2.014216e+01
1.421000e+03 2.024844e+01
1.422000e+03 2.011595e+01
1.423000e+03 1.879659e+01
1.424000e+03 1.967855e+01
1.425000e+03 1.937976e+01
1.426000e+03 1.913947e+01
1.427000e+03 1.771213e+01
1.428000e+03 1.871807e+01
1.429000e+03 1.798118e+01
1.430000e+03 1.910009e+01
1.431000e+03 1.938844e+01
1.432000e+03 1.820686e+01
1.433000e+03 1.872201e+01
1.434000e+03 1.795496e+01
1.435000e+03 1.726191e+01
1.436000e+03 1.772094e+01
1.437000e+03 1.752559e+01
1.438000e+03 1.661408e+01
1.439000e+03 1.823592e+01
1.440000e+03 1.739858e+01
1.441000e+03 1.730893e+01
1.442000e+03 1.819200e+01
1.443000e+03 1.655924e+01
1.444000e+03 1.727915e+01
1.445000e+03 1.790962e+01
1.446000e+03 1.735023e+01
1.447000e+03 1.660720e+01
1.448000e+03 1.624778e+01
1.449000e+03 1.683751e+01
1.450000e+03 1.610032e+01
1.451000e+03 1.645414e+01
1.452000e+03 1.734119e+01
1.453000e+03 1.590019e+01
1.454000e+03 1.689491e+01
1.455000e+03 1.537254e+01
1.456000e+03 1.623787e+01
1.457000e+03 1.621478e+01
1.458000e+03 1.644540e+01
1.459000e+03 1.714857e+01
1.460000e+03 1.609521e+01
1.461000e+03 1.591497e+01
1.462000e+03 1.709082e+01
1.463000e+03 1.594670e+01
1.464000e+03 1.523410e+01
1.465000e+03 1.532097e+01
1.466000e+03 1.602535e+01
1.467000e+03 1.539171e+01
1.468000e+03 1.542041e+01
1.469000e+03 1.562248e+01
1.470000e+03 1.502489e+01
1.471000e+03 1.553961e+01
1.472000e+03 1.464063e+01
1.473000e+03 1.471067e+01
1.474000e+03 1.545378e+01
1.475000e+03 1.402571e+01
1.476000e+03 1.471588e+01
1.477000e+03 1.384752e+01
1.478000e+03 1.319746e+01
1.479000e+03 1.403131e+01
1.480000e+03 1.380341e+01
1.481000e+03 1.518640e+01
1.482000e+03 1.348589e+01
1.483000e+03 1.370175e+01
1.484000e+03 1.299338e+01
1.485000e+03 1.311767e+01
1.486000e+03 1.355523e+01
1.487000e+03 1.379103e+01
1.488000e+03 1.389209e+01
1.489000e+03 1.416400e+01
1.490000e+03 1.341378e+01
1.491000e+03 1.323642e+01
1.492000e+03 1.345152e+01
1.493000e+03 1.363608e+01
1.494000e+03 1.286708e+01
1.495000e+03 1.258809e+01
1.496000e+03 1.314616e+01
1.497000e+03 1.278966e+01
1.498000e+03 1.175977e+01
1.499000e+03 1.310838e+01
1.500000e+03 1.288940e+01
1.501000e+03 1.284886e+01
1.502000e+03 1.378084e+01
1.503000e+03 1.276776e+01
1.504000e+03 1.224059e+01
1.505000e+03 1.204345e+01
1.506000e+03 1.214999e+01
1.507000e+03 1.208351e+01
1.508000e+03 1.154577e+01
1.509000e+03 1.187730e+01
1.510000e+03 1.191309e+01
1.511000e+03 1.236104e+01
1.512000e+03 1.107226e+01
1.513000e+03 1.179855e+01
1.514000e+03 1.103092e+01
1.515000e+03 1.132761e+01
1.516000e+03 1.149197e+01
1.517000e+03 1.055955e+01
1.518000e+03 1.032251e+01
1.519000e+03 1.103612e+01
1.520000e+03 1.017067e+01
1.521000e+03 1.114614e+01
1.522000e+03 1.055172e+01
1.523000e+03 1.076652e+01
1.524000e+03 9.848207e+00
1.525000e+03 1.065664e+01
1.526000e+03 1.093980e+01
1.527000e+03 1.002629e+01
1.528000e+03 8.810112e+00
1.529000e+03 1.126028e+01
1.530000e+03 1.029239e+01
1.531000e+03 1.012448e+01
1.532000e+03 1.089433e+01
1.533000e+03 9.615373e+00
1.534000e+03 9.629968e+00
1.535000e+03 9.806632e+00
1.536000e+03 1.026447e+01
1.537000e+03 1.035376e+01
1.538000e+03 9.670148e+00
1.539000e+03 9.941167e+00
1.540000e+03 8.727568e+00
1.541000e+03 9.830536e+00
1.542000e+03 1.132438e+01
1.543000e+03 8.435821e+00
1.544000e+03 8.968691e+00
1.545000e+03 8.841572e+00
1.546000e+03 9.750554e+00
1.547000e+03 8.460597e+00
1.548000e+03 8.499244e+00
1.549000e+03 9.474665e+00
1.550000e+03 9.691224e+00
1.551000e+03 9.407434e+00
1.552000e+03 8.757322e+00
1.553000e+03 8.698883e+00
1.554000e+03 8.184111e+00
1.555000e+03 8.582627e+00
1.556000e+03 8.357868e+00
1.557000e+03 8.540464e+00
1.558000e+03 8.247390e+00
1.559000e+03 8.352092e+00
1.560000e+03 8.792511e+00
1.561000e+03 7.873761e+00
1.562000e+03 8.951060e+00
1.563000e+03 8.355168e+00
1.564000e+03 8.032657e+00
1.565000e+03 8.064926e+00
1.566000e+03 8.319929e+00
1.567000e+03 8.744934e+00
1.568000e+03 8.956063e+00
1.569000e+03 8.121471e+00
1.570000e+03 8.457723e+00
1.571000e+03 8.758444e+00
1.572000e+03 8.099019e+00
1.573000e+03 8.839991e+00
1.574000e+03 9.095707e+00
1.575000e+03 9.521116e+00
1.576000e+03 8.360667e+00
1.577000e+03 7.453961e+00
1.578000e+03 8.502970e+00
1.579000e+03 7.282648e+00
1.580000e+03 7.583865e+00
1.581000e+03 7.271622e+00
1.582000e+03 7.309510e+00
1.583000e+03 7.146211e+00
1.584000e+03 7.840969e+00
1.585000e+03 7.311811e+00
1.586000e+03 7.316056e+00
1.587000e+03 6.992640e+00
1.588000e+03 7.962976e+00
1.589000e+03 8.214878e+00
1.590000e+03 7.126263e+00
1.591000e+03 7.157317e+00
1.592000e+03 6.485543e+00
1.593000e+03 7.582751e+00
1.594000e+03 6.844450e+00
1.595000e+03 6.911107e+00
1.596000e+03 7.111120e+00
1.597000e+03 7.607403e+00
1.598000e+03 6.229633e+00
1.599000e+03 7.585188e+00
1.600000e+03 6.303707e+00
