1.000000e+00 1.000000e+02
2.000000e+00 -1.666632e-01
3.000000e+00 1.466669e+00
4.000000e+00 1.233334e+00
5.000000e+00 1.433335e+00
6.000000e+00 -2.033330e+00
7.000000e+00 2.666668e-01
8.000000e+00 -2.605187e+01
9.000000e+00 -1.315008e+00
1.000000e+01 -8.748636e-01
1.100000e+01 1.296504e-01
1.200000e+01 -8.247865e-01
1.300000e+01 -1.704661e-01
1.400000e+01 -1.440953e+00
1.500000e+01 -5.823903e-01
1.600000e+01 -1.996186e+00
1.700000e+01 -6.997288e-01
1.800000e+01 1.360753e+00
1.900000e+01 4.550888e-01
2.000000e+01 1.722012e+00
2.100000e+01 5.325381e-01
2.200000e+01 6.431663e-01
2.300000e+01 -2.878406e-01
2.400000e+01 -3.759980e-02
2.500000e+01 2.424448e-01
2.600000e+01 -2.511498e-01
2.700000e+01 -1.597643e-01
2.800000e+01 -7.266663e-01
2.900000e+01 3.818010e-01
3.000000e+01 -8.432404e-01
3.100000e+01 -2.202207e-01
3.200000e+01 -1.651973e-02
3.300000e+01 -1.547943e+00
3.400000e+01 4.692432e-01
3.500000e+01 5.542141e-01
3.600000e+01 3.743742e-01
3.700000e+01 5.344627e-02
3.800000e+01 2.498097e+00
3.900000e+01 1.163399e+00
4.000000e+01 -7.024802e-01
4.100000e+01 -2.065597e-01
4.200000e+01 -6.417801e-01
4.300000e+01 1.093231e-01
4.400000e+01 7.994428e-01
4.500000e+01 -1.076847e+00
4.600000e+01 1.048117e+00
4.700000e+01 2.566017e-01
4.800000e+01 -5.021673e-02
4.900000e+01 -1.053574e+00
5.000000e+01 2.104969e-01
5.100000e+01 1.454735e+00
5.200000e+01 7.898623e-01
5.300000e+01 2.368483e-01
5.400000e+01 2.735338e-02
5.500000e+01 -1.009146e+00
5.600000e+01 -9.017143e-01
5.700000e+01 -1.332565e-01
5.800000e+01 1.372378e+00
5.900000e+01 -8.847206e-01
6.000000e+01 7.846168e-01
6.100000e+01 3.783906e-01
6.200000e+01 -4.235037e-01
6.300000e+01 1.510709e+00
6.400000e+01 -2.468871e-01
6.500000e+01 -6.893432e-01
6.600000e+01 6.181996e-01
6.700000e+01 -1.212745e+00
6.800000e+01 6.124475e-01
6.900000e+01 1.010297e+00
7.000000e+01 -2.196531e-01
7.100000e+01 6.528495e-01
7.200000e+01 1.485239e-01
7.300000e+01 9.642696e-01
7.400000e+01 -2.914166e-01
7.500000e+01 -1.579677e-02
7.600000e+01 -1.018747e+00
7.700000e+01 6.327225e-01
7.800000e+01 -2.551133e-01
7.900000e+01 -5.899337e-02
8.000000e+01 -5.062358e-01
8.100000e+01 4.867399e-01
8.200000e+01 -4.246323e-02
8.300000e+01 1.667839e+00
8.400000e+01 3.320440e-01
8.500000e+01 1.395417e+00
8.600000e+01 1.081873e+00
8.700000e+01 1.187234e+00
8.800000e+01 7.832723e-01
8.900000e+01 1.210889e+00
9.000000e+01 -3.234072e-02
9.100000e+01 4.348065e-01
9.200000e+01 6.603359e-01
9.300000e+01 2.252602e-01
9.400000e+01 -6.196067e-01
9.500000e+01 7.479508e-01
9.600000e+01 -6.502500e-01
9.700000e+01 3.432343e-02
9.800000e+01 -1.436203e-01
9.900000e+01 -1.107681e+00
1.000000e+02 7.778600e-02
1.010000e+02 1.345170e+00
1.020000e+02 9.338436e-01
1.030000e+02 -9.787863e-02
1.040000e+02 -7.761541e-01
1.050000e+02 -5.411894e-01
1.060000e+02 -3.195503e-01
1.070000e+02 -7.026260e-01
1.080000e+02 -5.342395e-01
1.090000e+02 1.490404e+00
1.100000e+02 6.470295e-01
1.110000e+02 9.833667e-02
1.120000e+02 -1.220058e-01
1.130000e+02 1.335186e+00
1.140000e+02 4.119962e-01
1.150000e+02 1.293553e+00
1.160000e+02 6.857601e-01
1.170000e+02 -3.118999e-01
1.180000e+02 3.376769e-01
1.190000e+02 2.186735e-01
1.200000e+02 -7.009868e-01
1.210000e+02 -1.129740e+00
1.220000e+02 -7.004507e-01
1.230000e+02 1.450399e-01
1.240000e+02 1.122267e+00
1.250000e+02 5.795524e-01
1.260000e+02 -7.002693e-02
1.270000e+02 -1.285664e-01
1.280000e+02 5.163131e-01
1.290000e+02 6.421126e-01
1.300000e+02 1.146707e+00
1.310000e+02 1.245787e+00
1.320000e+02 6.911236e-01
1.330000e+02 2.477961e-01
1.340000e+02 1.523150e+00
1.350000e+02 4.640030e-01
1.360000e+02 -2.885790e-01
1.370000e+02 6.177977e-02
1.380000e+02 1.059887e+00
1.390000e+02 1.103817e+00
1.400000e+02 3.950728e-01
1.410000e+02 -5.112594e-02
1.420000e+02 7.534165e-01
1.430000e+02 3.787275e-01
1.440000e+02 -3.801873e-01
1.450000e+02 4.099503e-01
1.460000e+02 6.959332e-01
1.470000e+02 1.000399e+00
1.480000e+02 7.721592e-01
1.490000e+02 4.799395e-01
1.500000e+02 6.987062e-01
1.510000e+02 3.475303e-01
1.520000e+02 1.727562e-01
1.530000e+02 3.851828e-01
1.540000e+02 9.404117e-02
1.550000e+02 -1.366175e-01
1.560000e+02 -5.632373e-01
1.570000e+02 3.285300e-01
1.580000e+02 -2.128094e-01
1.590000e+02 -5.063260e-02
1.600000e+02 4.470864e-01
1.610000e+02 6.704529e-01
1.620000e+02 8.366607e-01
1.630000e+02 8.282501e-01
1.640000e+02 9.461367e-01
1.650000e+02 2.618235e-01
1.660000e+02 7.132672e-01
1.670000e+02 1.367406e+00
1.680000e+02 1.748233e-02
1.690000e+02 6.030309e-01
1.700000e+02 3.448390e-01
1.710000e+02 2.639780e-02
1.720000e+02 4.514738e-01
1.730000e+02 2.062970e-01
1.740000e+02 4.793941e-01
1.750000e+02 6.569665e-01
1.760000e+02 2.288097e-01
1.770000e+02 1.380359e+00
1.780000e+02 5.094670e-01
1.790000e+02 6.360500e-01
1.800000e+02 3.591392e-01
1.810000e+02 9.580136e-01
1.820000e+02 6.248364e-01
1.830000e+02 1.362176e+00
1.840000e+02 2.907167e-01
1.850000e+02 5.793881e-01
1.860000e+02 2.211804e-01
1.870000e+02 -2.714201e-01
1.880000e+02 5.506899e-01
1.890000e+02 -3.079137e-01
1.900000e+02 -9.255976e-02
1.910000e+02 5.371628e-01
1.920000e+02 1.223090e+00
1.930000e+02 -9.137017e-02
1.940000e+02 9.462937e-02
1.950000e+02 4.942635e-01
1.960000e+02 -1.441823e-01
1.970000e+02 4.147666e-01
1.980000e+02 4.959965e-01
1.990000e+02 4.757243e-02
2.000000e+02 1.077484e+00
2.010000e+02 5.086077e-01
2.020000e+02 7.016607e-01
2.030000e+02 -4.723142e-01
2.040000e+02 -6.621863e-01
2.050000e+02 6.913017e-01
2.060000e+02 5.741342e-01
2.070000e+02 -3.764461e-01
2.080000e+02 -1.798533e-01
2.090000e+02 -3.695602e-01
2.100000e+02 7.153385e-02
2.110000e+02 -3.757367e-01
2.120000e+02 2.098798e-01
2.130000e+02 2.073699e-01
2.140000e+02 -4.562931e-01
2.150000e+02 -2.004664e-01
2.160000e+02 4.641168e-01
2.170000e+02 4.971568e-01
2.180000e+02 9.710933e-01
2.190000e+02 -8.210327e-02
2.200000e+02 6.279024e-01
2.210000e+02 1.325844e+00
2.220000e+02 -2.849731e-01
2.230000e+02 7.455770e-01
2.240000e+02 1.387033e-02
2.250000e+02 2.503840e-01
2.260000e+02 1.658405e-01
2.270000e+02 4.487934e-01
2.280000e+02 3.878973e-01
2.290000e+02 -2.224860e-01
2.300000e+02 -4.067097e-01
2.310000e+02 -6.099034e-01
2.320000e+02 -3.670001e-01
2.330000e+02 -1.132350e+00
2.340000e+02 1.827892e-01
2.350000e+02 -3.147141e-01
2.360000e+02 5.321142e-01
2.370000e+02 1.014764e-01
2.380000e+02 6.266102e-01
2.390000e+02 -2.730428e-01
2.400000e+02 -3.210597e-01
2.410000e+02 4.696773e-01
2.420000e+02 4.715706e-01
2.430000e+02 3.026471e-01
2.440000e+02 9.649741e-01
2.450000e+02 1.224277e+00
2.460000e+02 7.348428e-01
2.470000e+02 4.914621e-02
2.480000e+02 6.393601e-01
2.490000e+02 -6.839723e-02
2.500000e+02 -6.958634e-01
2.510000e+02 5.536271e-01
2.520000e+02 -2.928065e-01
2.530000e+02 6.088905e-01
2.540000e+02 -8.590633e-01
2.550000e+02 5.239404e-01
2.560000e+02 -4.870380e-03
2.570000e+02 7.477797e-01
2.580000e+02 5.873251e-01
2.590000e+02 5.988534e-01
2.600000e+02 -2.240338e-01
2.610000e+02 6.052339e-01
2.620000e+02 5.664308e-01
2.630000e+02 -2.941803e-01
2.640000e+02 -2.868561e-01
2.650000e+02 6.994650e-02
2.660000e+02 4.942469e-01
2.670000e+02 4.947632e-01
2.680000e+02 -2.016310e-03
2.690000e+02 1.206457e+00
2.700000e+02 -6.394332e-01
2.710000e+02 3.706904e-01
2.720000e+02 6.273098e-01
2.730000e+02 6.429163e-01
2.740000e+02 1.346397e+00
2.750000e+02 1.207320e+00
2.760000e+02 1.810754e+00
2.770000e+02 6.697267e-01
2.780000e+02 1.135569e+00
2.790000e+02 6.391060e-01
2.800000e+02 1.050910e+00
2.810000e+02 1.529733e+00
2.820000e+02 1.344057e+00
2.830000e+02 3.401808e-01
2.840000e+02 -1.474503e-01
2.850000e+02 5.599096e-01
2.860000e+02 -1.393708e-01
2.870000e+02 1.731371e-01
2.880000e+02 1.383771e-01
2.890000e+02 1.012773e+00
2.900000e+02 -5.260936e-01
2.910000e+02 -8.528125e-01
2.920000e+02 -1.316345e-01
2.930000e+02 9.120427e-02
2.940000e+02 5.811166e-01
2.950000e+02 -2.501939e-01
2.960000e+02 2.250822e-01
2.970000e+02 7.675033e-02
2.980000e+02 4.227929e-01
2.990000e+02 2.248728e-01
3.000000e+02 8.494861e-01
3.010000e+02 -3.245263e-01
3.020000e+02 4.125830e-01
3.030000e+02 3.876684e-01
3.040000e+02 1.530306e-01
3.050000e+02 1.962401e-01
3.060000e+02 9.522792e-01
3.070000e+02 -1.229057e-01
3.080000e+02 1.014100e+00
3.090000e+02 1.282601e-01
3.100000e+02 -9.220557e-02
3.110000e+02 4.445163e-01
3.120000e+02 4.712500e-01
3.130000e+02 1.893533e-01
3.140000e+02 3.458697e-01
3.150000e+02 3.008342e-01
3.160000e+02 -3.425380e-01
3.170000e+02 6.735132e-01
3.180000e+02 -8.158862e-01
3.190000e+02 5.331373e-01
3.200000e+02 2.810924e-01
3.210000e+02 -5.632064e-01
3.220000e+02 6.642097e-01
3.230000e+02 3.130734e-01
3.240000e+02 5.930820e-01
3.250000e+02 8.012229e-01
3.260000e+02 9.393900e-01
3.270000e+02 6.698492e-01
3.280000e+02 9.019166e-01
3.290000e+02 3.433903e-01
3.300000e+02 1.288570e+00
3.310000e+02 4.644900e-01
3.320000e+02 6.867733e-01
3.330000e+02 4.533828e-01
3.340000e+02 1.038693e+00
3.350000e+02 -1.349238e-01
3.360000e+02 2.838800e-01
3.370000e+02 6.952965e-01
3.380000e+02 8.136638e-01
3.390000e+02 7.193570e-01
3.400000e+02 6.138435e-01
3.410000e+02 4.509235e-01
3.420000e+02 -7.684064e-01
3.430000e+02 5.689658e-01
3.440000e+02 -3.546975e-02
3.450000e+02 5.699535e-01
3.460000e+02 6.852336e-01
3.470000e+02 2.578236e-01
3.480000e+02 -2.202271e-01
3.490000e+02 6.161333e-02
3.500000e+02 -5.493970e-01
3.510000e+02 -2.741067e-02
3.520000e+02 8.525071e-01
3.530000e+02 8.515826e-01
3.540000e+02 6.595431e-01
3.550000e+02 2.594832e-01
3.560000e+02 8.562974e-01
3.570000e+02 2.393665e-01
3.580000e+02 1.548099e-02
3.590000e+02 6.119868e-01
3.600000e+02 3.742097e-01
3.610000e+02 8.086510e-01
3.620000e+02 1.263097e-01
3.630000e+02 -1.375292e-02
3.640000e+02 4.623465e-01
3.650000e+02 -3.353035e-01
3.660000e+02 2.870435e-01
3.670000e+02 9.228663e-01
3.680000e+02 3.076339e-01
3.690000e+02 -7.459159e-02
3.700000e+02 -1.165180e+00
3.710000e+02 8.121993e-01
3.720000e+02 7.756303e-01
3.730000e+02 2.303240e-02
3.740000e+02 -7.593069e-01
3.750000e+02 -6.682068e-01
3.760000e+02 -9.039607e-02
3.770000e+02 -1.619267e-02
3.780000e+02 5.152403e-01
3.790000e+02 -5.618767e-02
3.800000e+02 7.565231e-01
3.810000e+02 -5.382007e-02
3.820000e+02 1.337833e+00
3.830000e+02 1.634217e+00
3.840000e+02 1.100827e+00
3.850000e+02 3.376266e-01
3.860000e+02 6.624864e-01
3.870000e+02 6.183638e-01
3.880000e+02 9.992033e-01
3.890000e+02 3.998065e-01
3.900000e+02 6.746440e-02
3.910000e+02 -1.054071e+00
3.920000e+02 -8.582170e-01
3.930000e+02 7.611951e-02
3.940000e+02 3.851999e-01
3.950000e+02 5.038302e-01
3.960000e+02 5.532791e-01
3.970000e+02 -9.474368e-01
3.980000e+02 -9.579934e-01
3.990000e+02 -6.011099e-01
4.000000e+02 -9.983092e-01
4.010000e+02 -8.192371e-01
4.020000e+02 -1.043340e+00
4.030000e+02 -4.106762e-01
4.040000e+02 -5.799223e-01
4.050000e+02 -2.145003e-01
4.060000e+02 3.189699e-01
4.070000e+02 -1.996375e-01
4.080000e+02 -2.622167e-01
4.090000e+02 4.243635e-01
4.100000e+02 9.914930e-02
4.110000e+02 9.660071e-01
4.120000e+02 6.328303e-01
4.130000e+02 1.167494e-01
4.140000e+02 4.417832e-01
4.150000e+02 8.113731e-01
4.160000e+02 -3.420098e-01
4.170000e+02 1.973963e-01
4.180000e+02 5.283697e-01
4.190000e+02 -6.022367e-03
4.200000e+02 3.115357e-02
4.210000e+02 2.856293e-01
4.220000e+02 8.538195e-01
4.230000e+02 7.318493e-01
4.240000e+02 -7.976503e-02
4.250000e+02 -3.494503e-01
4.260000e+02 -3.714866e-01
4.270000e+02 -6.124976e-01
4.280000e+02 1.617624e-01
4.290000e+02 4.086304e-01
4.300000e+02 2.255291e-01
4.310000e+02 2.681427e-01
4.320000e+02 -6.217624e-01
4.330000e+02 -4.047329e-01
4.340000e+02 5.433662e-02
4.350000e+02 2.720204e-01
4.360000e+02 9.093176e-01
4.370000e+02 5.358728e-01
4.380000e+02 3.033161e-01
4.390000e+02 -8.660810e-01
4.400000e+02 -2.207459e-01
4.410000e+02 2.909577e-01
4.420000e+02 -6.362041e-01
4.430000e+02 -3.436197e-01
4.440000e+02 -9.003609e-01
4.450000e+02 5.032928e-01
4.460000e+02 1.052227e+00
4.470000e+02 -3.294140e-01
4.480000e+02 8.498769e-01
4.490000e+02 6.784299e-01
4.500000e+02 9.633999e-01
4.510000e+02 8.448323e-01
4.520000e+02 9.305199e-01
4.530000e+02 4.011669e-01
4.540000e+02 -3.240700e-02
4.550000e+02 -2.277007e-02
4.560000e+02 -5.773866e-01
4.570000e+02 1.024828e-01
4.580000e+02 1.897707e-01
4.590000e+02 8.110398e-01
4.600000e+02 7.559706e-01
4.610000e+02 -5.910776e-01
4.620000e+02 -5.119239e-01
4.630000e+02 -2.794895e-01
4.640000e+02 1.787363e-01
4.650000e+02 7.911067e-01
4.660000e+02 6.446206e-01
4.670000e+02 7.707961e-01
4.680000e+02 1.265036e-01
4.690000e+02 7.800869e-01
4.700000e+02 9.565607e-01
4.710000e+02 -5.939399e-01
4.720000e+02 -6.481539e-01
4.730000e+02 -3.543634e-01
4.740000e+02 9.608165e-01
4.750000e+02 -1.083360e-02
4.760000e+02 9.819677e-01
4.770000e+02 -2.044444e-01
4.780000e+02 6.549440e-02
4.790000e+02 3.113896e-01
4.800000e+02 1.147453e+00
4.810000e+02 -2.687931e-01
4.820000e+02 2.889396e-01
4.830000e+02 -1.502142e-01
4.840000e+02 2.423029e-01
4.850000e+02 -9.862705e-02
4.860000e+02 5.560898e-01
4.870000e+02 -6.650647e-02
4.880000e+02 6.908339e-01
4.890000e+02 -3.507539e-01
4.900000e+02 2.414960e-01
4.910000e+02 -8.028464e-01
4.920000e+02 -3.198611e-01
4.930000e+02 -2.084069e-01
4.940000e+02 -5.936699e-01
4.950000e+02 -2.552872e-01
4.960000e+02 2.721255e-01
4.970000e+02 7.598573e-01
4.980000e+02 9.589919e-01
4.990000e+02 -6.721033e-01
5.000000e+02 1.374460e-01
5.010000e+02 3.031775e-02
5.020000e+02 4.097532e-01
5.030000e+02 4.189140e-01
5.040000e+02 4.506030e-01
5.050000e+02 1.483180e+00
5.060000e+02 8.757305e-01
5.070000e+02 1.372587e+00
5.080000e+02 -4.639346e-01
5.090000e+02 5.189907e-01
5.100000e+02 9.088777e-01
5.110000e+02 3.961991e-01
5.120000e+02 -5.655037e-01
5.130000e+02 4.914796e-01
5.140000e+02 -1.816133e-03
5.150000e+02 6.181837e-01
5.160000e+02 2.393367e-02
5.170000e+02 7.405875e-01
5.180000e+02 1.409048e+00
5.190000e+02 6.196037e-02
5.200000e+02 1.896164e-01
5.210000e+02 4.341002e-01
5.220000e+02 7.593537e-01
5.230000e+02 1.173150e+00
5.240000e+02 5.976741e-01
5.250000e+02 -4.578015e-02
5.260000e+02 -6.316297e-01
5.270000e+02 2.413330e-01
5.280000e+02 6.754088e-01
5.290000e+02 4.860865e-01
5.300000e+02 4.052398e-01
5.310000e+02 7.949733e-02
5.320000e+02 6.789131e-01
5.330000e+02 6.406075e-01
5.340000e+02 6.050756e-01
5.350000e+02 6.199596e-01
5.360000e+02 1.383610e+00
5.370000e+02 -1.675830e-01
5.380000e+02 -4.326335e-01
5.390000e+02 1.481704e-01
5.400000e+02 2.982335e-01
5.410000e+02 9.029593e-01
5.420000e+02 3.368729e-01
5.430000e+02 -7.744863e-01
5.440000e+02 1.641673e-01
5.450000e+02 5.246828e-01
5.460000e+02 -5.181387e-02
5.470000e+02 -4.978585e-01
5.480000e+02 4.477903e-01
5.490000e+02 4.250898e-01
5.500000e+02 -8.148976e-01
5.510000e+02 4.911001e-01
5.520000e+02 2.983126e-01
5.530000e+02 -4.814425e-01
5.540000e+02 5.173602e-01
5.550000e+02 5.740940e-01
5.560000e+02 6.926433e-01
5.570000e+02 -4.787800e-02
5.580000e+02 9.826370e-02
5.590000e+02 -8.148287e-02
5.600000e+02 5.163496e-01
5.610000e+02 5.182642e-01
5.620000e+02 3.212639e-01
5.630000e+02 1.741764e-01
5.640000e+02 -6.339407e-02
5.650000e+02 -2.037063e-02
5.660000e+02 1.346220e+00
5.670000e+02 1.230310e-02
5.680000e+02 2.473161e-01
5.690000e+02 7.842172e-01
5.700000e+02 6.180027e-01
5.710000e+02 3.153724e-01
5.720000e+02 4.812369e-01
5.730000e+02 6.740095e-01
5.740000e+02 5.889179e-01
5.750000e+02 -6.718900e-03
5.760000e+02 2.252993e-02
5.770000e+02 8.230633e-03
5.780000e+02 -2.065265e-01
5.790000e+02 -9.933767e-01
5.800000e+02 -8.149329e-02
5.810000e+02 -2.286655e-01
5.820000e+02 -8.234677e-02
5.830000e+02 -5.651878e-01
5.840000e+02 1.690957e-01
5.850000e+02 2.337035e-01
5.860000e+02 4.507837e-01
5.870000e+02 3.308070e-01
5.880000e+02 -1.305970e-01
5.890000e+02 1.420693e+00
5.900000e+02 7.481531e-01
5.910000e+02 1.082094e+00
5.920000e+02 6.938332e-01
5.930000e+02 2.356780e-02
5.940000e+02 8.651310e-01
5.950000e+02 6.982690e-01
5.960000e+02 5.280662e-01
5.970000e+02 -8.784283e-02
5.980000e+02 5.122766e-01
5.990000e+02 5.123532e-01
6.000000e+02 8.291400e-01
6.010000e+02 4.563995e-02
6.020000e+02 1.223546e+00
6.030000e+02 1.163653e+00
6.040000e+02 5.128469e-01
6.050000e+02 7.071126e-01
6.060000e+02 -2.417963e-01
6.070000e+02 6.379399e-01
6.080000e+02 1.019965e+00
6.090000e+02 1.631987e+00
6.100000e+02 5.939899e-01
6.110000e+02 1.618494e-01
6.120000e+02 5.714496e-01
6.130000e+02 9.925771e-01
6.140000e+02 1.181094e+00
6.150000e+02 6.894604e-01
6.160000e+02 8.200588e-01
6.170000e+02 9.322371e-01
6.180000e+02 1.039888e+00
6.190000e+02 1.743842e+00
6.200000e+02 2.271173e+00
6.210000e+02 1.758540e+00
6.220000e+02 -3.855020e+00
6.230000e+02 2.314983e+00
6.240000e+02 1.446490e+00
6.250000e+02 2.037487e+00
6.260000e+02 1.852070e+00
6.270000e+02 2.366736e+00
6.280000e+02 1.749243e+00
6.290000e+02 1.599797e+00
6.300000e+02 1.123990e+00
6.310000e+02 3.626736e+00
6.320000e+02 2.826000e+00
6.330000e+02 3.115060e+00
6.340000e+02 1.099705e+00
6.350000e+02 3.319292e+00
6.360000e+02 3.043177e+00
6.370000e+02 2.959430e+00
6.380000e+02 4.333548e+00
6.390000e+02 3.756642e+00
6.400000e+02 3.654499e+00
6.410000e+02 5.687790e+00
6.420000e+02 6.118697e+00
6.430000e+02 3.615958e+00
6.440000e+02 2.287747e+00
6.450000e+02 6.328658e+00
6.460000e+02 7.250152e+00
6.470000e+02 7.253753e+00
6.480000e+02 5.787371e+00
6.490000e+02 6.613080e+00
6.500000e+02 7.446483e+00
6.510000e+02 5.060028e+00
6.520000e+02 4.567262e+00
6.530000e+02 8.382916e+00
6.540000e+02 1.073516e+01
6.550000e+02 8.547647e+00
6.560000e+02 8.683900e+00
6.570000e+02 9.346069e+00
6.580000e+02 1.076721e+01
6.590000e+02 8.070536e+00
6.600000e+02 1.276963e+01
6.610000e+02 1.219677e+01
6.620000e+02 1.225077e+01
6.630000e+02 1.105072e+01
6.640000e+02 9.310632e+00
6.650000e+02 1.340730e+01
6.660000e+02 1.291436e+01
6.670000e+02 1.643233e+01
6.680000e+02 1.592567e+01
6.690000e+02 1.584104e+01
6.700000e+02 1.701080e+01
6.710000e+02 1.734640e+01
6.720000e+02 1.818787e+01
6.730000e+02 1.766407e+01
6.740000e+02 1.831763e+01
6.750000e+02 2.019960e+01
6.760000e+02 2.213447e+01
6.770000e+02 2.233810e+01
6.780000e+02 2.271313e+01
6.790000e+02 2.457917e+01
6.800000e+02 2.503673e+01
6.810000e+02 2.414227e+01
6.820000e+02 2.858573e+01
6.830000e+02 2.772957e+01
6.840000e+02 2.792267e+01
6.850000e+02 2.726340e+01
6.860000e+02 3.032677e+01
6.870000e+02 3.094847e+01
6.880000e+02 3.179173e+01
6.890000e+02 3.231137e+01
6.900000e+02 3.404090e+01
6.910000e+02 3.161593e+01
6.920000e+02 3.308527e+01
6.930000e+02 3.720387e+01
6.940000e+02 3.603860e+01
6.950000e+02 3.904610e+01
6.960000e+02 3.743933e+01
6.970000e+02 3.942560e+01
6.980000e+02 4.162410e+01
6.990000e+02 4.199727e+01
7.000000e+02 4.378050e+01
7.010000e+02 4.387023e+01
7.020000e+02 4.776637e+01
7.030000e+02 4.601757e+01
7.040000e+02 4.914543e+01
7.050000e+02 4.723607e+01
7.060000e+02 5.071007e+01
7.070000e+02 5.035647e+01
7.080000e+02 5.559717e+01
7.090000e+02 5.510883e+01
7.100000e+02 5.367980e+01
7.110000e+02 5.520450e+01
7.120000e+02 5.605293e+01
7.130000e+02 5.576657e+01
7.140000e+02 5.350490e+01
7.150000e+02 5.946760e+01
7.160000e+02 6.038620e+01
7.170000e+02 6.310993e+01
7.180000e+02 6.431087e+01
7.190000e+02 6.396393e+01
7.200000e+02 6.360273e+01
7.210000e+02 6.151773e+01
7.220000e+02 6.944963e+01
7.230000e+02 6.930653e+01
7.240000e+02 6.986650e+01
7.250000e+02 7.092037e+01
7.260000e+02 7.208737e+01
7.270000e+02 6.980713e+01
7.280000e+02 7.427717e+01
7.290000e+02 7.446563e+01
7.300000e+02 7.266470e+01
7.310000e+02 7.684617e+01
7.320000e+02 7.815017e+01
7.330000e+02 7.342487e+01
7.340000e+02 7.695323e+01
7.350000e+02 7.602753e+01
7.360000e+02 7.659933e+01
7.370000e+02 8.044500e+01
7.380000e+02 8.129517e+01
7.390000e+02 8.229253e+01
7.400000e+02 8.091400e+01
7.410000e+02 8.706453e+01
7.420000e+02 8.477550e+01
7.430000e+02 8.483943e+01
7.440000e+02 8.600189e+01
7.450000e+02 8.828170e+01
7.460000e+02 8.630283e+01
7.470000e+02 9.042924e+01
7.480000e+02 9.003227e+01
7.490000e+02 8.554987e+01
7.500000e+02 9.233692e+01
7.510000e+02 9.028724e+01
7.520000e+02 8.972566e+01
7.530000e+02 9.110145e+01
7.540000e+02 9.010379e+01
7.550000e+02 9.420316e+01
7.560000e+02 9.278847e+01
7.570000e+02 9.549004e+01
7.580000e+02 9.613247e+01
7.590000e+02 9.608290e+01
7.600000e+02 9.694936e+01
7.610000e+02 1.015679e+02
7.620000e+02 9.286826e+01
7.630000e+02 9.866528e+01
7.640000e+02 9.570686e+01
7.650000e+02 9.473098e+01
7.660000e+02 9.918970e+01
7.670000e+02 9.714117e+01
7.680000e+02 1.025251e+02
7.690000e+02 1.037027e+02
7.700000e+02 9.535727e+01
7.710000e+02 1.016350e+02
7.720000e+02 9.974047e+01
7.730000e+02 1.027101e+02
7.740000e+02 1.043659e+02
7.750000e+02 1.048176e+02
7.760000e+02 1.019587e+02
7.770000e+02 9.090327e+01
7.780000e+02 1.013730e+02
7.790000e+02 1.023877e+02
7.800000e+02 1.020511e+02
7.810000e+02 1.056223e+02
7.820000e+02 1.052570e+02
7.830000e+02 1.042240e+02
7.840000e+02 1.041981e+02
7.850000e+02 1.017136e+02
7.860000e+02 1.077690e+02
7.870000e+02 1.051616e+02
7.880000e+02 9.831055e+01
7.890000e+02 1.071620e+02
7.900000e+02 1.029366e+02
7.910000e+02 1.076144e+02
7.920000e+02 1.053959e+02
7.930000e+02 1.062710e+02
7.940000e+02 9.636359e+01
7.950000e+02 9.956469e+01
7.960000e+02 1.025333e+02
7.970000e+02 1.017793e+02
7.980000e+02 9.992669e+01
7.990000e+02 1.031653e+02
8.000000e+02 1.056160e+02
8.010000e+02 1.001391e+02
8.020000e+02 9.361925e+01
8.030000e+02 1.041553e+02
8.040000e+02 1.022180e+02
8.050000e+02 1.054213e+02
8.060000e+02 1.007024e+02
8.070000e+02 1.029184e+02
8.080000e+02 1.060874e+02
8.090000e+02 9.829545e+01
8.100000e+02 9.754944e+01
8.110000e+02 1.040033e+02
8.120000e+02 1.014830e+02
8.130000e+02 9.928531e+01
8.140000e+02 1.025187e+02
8.150000e+02 9.951348e+01
8.160000e+02 9.614467e+01
8.170000e+02 1.043463e+02
8.180000e+02 9.980514e+01
8.190000e+02 9.862268e+01
8.200000e+02 1.002848e+02
8.210000e+02 1.037730e+02
8.220000e+02 9.825595e+01
8.230000e+02 9.711935e+01
8.240000e+02 9.871694e+01
8.250000e+02 9.903843e+01
8.260000e+02 9.820124e+01
8.270000e+02 9.837933e+01
8.280000e+02 9.006856e+01
8.290000e+02 9.689511e+01
8.300000e+02 9.772227e+01
8.310000e+02 9.451990e+01
8.320000e+02 9.601350e+01
8.330000e+02 9.459855e+01
8.340000e+02 9.389668e+01
8.350000e+02 9.726982e+01
8.360000e+02 9.951146e+01
8.370000e+02 9.674521e+01
8.380000e+02 9.351031e+01
8.390000e+02 9.171038e+01
8.400000e+02 9.580712e+01
8.410000e+02 9.390635e+01
8.420000e+02 9.537209e+01
8.430000e+02 9.413546e+01
8.440000e+02 9.626606e+01
8.450000e+02 8.858243e+01
8.460000e+02 9.268632e+01
8.470000e+02 9.392172e+01
8.480000e+02 9.052045e+01
8.490000e+02 9.212803e+01
8.500000e+02 8.608150e+01
8.510000e+02 8.521800e+01
8.520000e+02 8.857210e+01
8.530000e+02 8.615253e+01
8.540000e+02 8.696293e+01
8.550000e+02 8.770423e+01
8.560000e+02 8.820213e+01
8.570000e+02 8.763653e+01
8.580000e+02 8.666923e+01
8.590000e+02 8.803003e+01
8.600000e+02 8.459267e+01
8.610000e+02 8.424313e+01
8.620000e+02 8.643810e+01
8.630000e+02 8.166033e+01
8.640000e+02 8.382070e+01
8.650000e+02 8.229967e+01
8.660000e+02 8.035433e+01
8.670000e+02 8.314120e+01
8.680000e+02 8.012863e+01
8.690000e+02 7.741727e+01
8.700000e+02 7.857877e+01
8.710000e+02 8.027240e+01
8.720000e+02 7.758567e+01
8.730000e+02 7.927500e+01
8.740000e+02 7.071903e+01
8.750000e+02 7.287670e+01
8.760000e+02 7.451607e+01
8.770000e+02 7.590643e+01
8.780000e+02 7.596467e+01
8.790000e+02 7.341880e+01
8.800000e+02 7.256287e+01
8.810000e+02 7.419303e+01
8.820000e+02 7.122100e+01
8.830000e+02 7.185447e+01
8.840000e+02 7.191987e+01
8.850000e+02 7.182257e+01
8.860000e+02 7.201693e+01
8.870000e+02 7.034740e+01
8.880000e+02 6.991267e+01
8.890000e+02 6.866690e+01
8.900000e+02 6.944583e+01
8.910000e+02 6.515833e+01
8.920000e+02 6.846607e+01
8.930000e+02 6.333120e+01
8.940000e+02 6.600710e+01
8.950000e+02 6.680100e+01
8.960000e+02 6.692917e+01
8.970000e+02 6.673543e+01
8.980000e+02 6.714453e+01
8.990000e+02 6.403237e+01
9.000000e+02 6.470237e+01
9.010000e+02 6.299323e+01
9.020000e+02 6.534367e+01
9.030000e+02 6.337160e+01
9.040000e+02 6.207117e+01
9.050000e+02 6.425580e+01
9.060000e+02 6.137693e+01
9.070000e+02 6.198393e+01
9.080000e+02 6.277603e+01
9.090000e+02 6.078153e+01
9.100000e+02 6.020957e+01
9.110000e+02 6.030447e+01
9.120000e+02 6.078187e+01
9.130000e+02 5.843607e+01
9.140000e+02 5.854447e+01
9.150000e+02 5.938927e+01
9.160000e+02 5.832977e+01
9.170000e+02 6.051553e+01
9.180000e+02 5.875567e+01
9.190000e+02 5.601117e+01
9.200000e+02 5.728677e+01
9.210000e+02 5.485797e+01
9.220000e+02 5.625060e+01
9.230000e+02 5.623867e+01
9.240000e+02 5.431930e+01
9.250000e+02 5.616163e+01
9.260000e+02 5.593730e+01
9.270000e+02 5.417757e+01
9.280000e+02 5.545177e+01
9.290000e+02 5.357213e+01
9.300000e+02 5.404437e+01
9.310000e+02 5.354657e+01
9.320000e+02 5.487757e+01
9.330000e+02 5.292053e+01
9.340000e+02 5.278587e+01
9.350000e+02 5.318923e+01
9.360000e+02 5.050200e+01
9.370000e+02 5.245833e+01
9.380000e+02 5.067093e+01
9.390000e+02 5.306280e+01
9.400000e+02 5.205803e+01
9.410000e+02 5.266990e+01
9.420000e+02 5.188677e+01
9.430000e+02 5.154980e+01
9.440000e+02 5.183863e+01
9.450000e+02 4.882307e+01
9.460000e+02 5.005197e+01
9.470000e+02 4.911593e+01
9.480000e+02 5.033863e+01
9.490000e+02 4.905567e+01
9.500000e+02 4.994880e+01
9.510000e+02 4.584907e+01
9.520000e+02 4.797903e+01
9.530000e+02 4.867533e+01
9.540000e+02 4.807923e+01
9.550000e+02 4.559137e+01
9.560000e+02 4.595200e+01
9.570000e+02 4.511047e+01
9.580000e+02 4.711327e+01
9.590000e+02 4.772890e+01
9.600000e+02 4.726803e+01
9.610000e+02 4.541300e+01
9.620000e+02 4.452443e+01
9.630000e+02 4.462267e+01
9.640000e+02 4.558157e+01
9.650000e+02 4.599670e+01
9.660000e+02 4.673207e+01
9.670000e+02 4.456463e+01
9.680000e+02 4.491593e+01
9.690000e+02 4.389497e+01
9.700000e+02 4.559400e+01
9.710000e+02 4.287987e+01
9.720000e+02 4.411487e+01
9.730000e+02 4.304380e+01
9.740000e+02 4.095237e+01
9.750000e+02 4.407510e+01
9.760000e+02 4.351697e+01
9.770000e+02 4.269280e+01
9.780000e+02 4.229763e+01
9.790000e+02 4.185540e+01
9.800000e+02 4.064810e+01
9.810000e+02 4.167810e+01
9.820000e+02 4.361460e+01
9.830000e+02 3.979280e+01
9.840000e+02 4.014670e+01
9.850000e+02 4.262017e+01
9.860000e+02 4.257187e+01
9.870000e+02 4.066887e+01
9.880000e+02 4.150807e+01
9.890000e+02 4.016193e+01
9.900000e+02 4.189433e+01
9.910000e+02 4.079640e+01
9.920000e+02 4.171187e+01
9.930000e+02 3.861307e+01
9.940000e+02 4.078517e+01
9.950000e+02 4.122323e+01
9.960000e+02 3.956003e+01
9.970000e+02 3.956490e+01
9.980000e+02 3.979600e+01
9.990000e+02 3.990090e+01
1.000000e+03 4.000747e+01
1.001000e+03 3.952273e+01
1.002000e+03 3.827247e+01
1.003000e+03 4.068763e+01
1.004000e+03 4.049127e+01
1.005000e+03 4.053997e+01
1.006000e+03 3.762077e+01
1.007000e+03 4.017077e+01
1.008000e+03 4.114063e+01
1.009000e+03 3.932343e+01
1.010000e+03 3.753237e+01
1.011000e+03 3.885733e+01
1.012000e+03 4.005377e+01
1.013000e+03 3.872993e+01
1.014000e+03 3.840377e+01
1.015000e+03 3.720457e+01
1.016000e+03 3.764747e+01
1.017000e+03 3.771847e+01
1.018000e+03 3.685090e+01
1.019000e+03 3.737090e+01
1.020000e+03 3.633157e+01
1.021000e+03 3.761757e+01
1.022000e+03 3.678357e+01
1.023000e+03 3.688077e+01
1.024000e+03 3.356420e+01
1.025000e+03 3.343813e+01
1.026000e+03 3.521807e+01
1.027000e+03 3.557353e+01
1.028000e+03 3.418693e+01
1.029000e+03 3.567597e+01
1.030000e+03 3.653157e+01
1.031000e+03 3.609630e+01
1.032000e+03 3.529843e+01
1.033000e+03 3.670183e+01
1.034000e+03 3.630243e+01
1.035000e+03 3.319940e+01
1.036000e+03 3.593763e+01
1.037000e+03 3.440493e+01
1.038000e+03 3.554417e+01
1.039000e+03 3.537900e+01
1.040000e+03 3.447627e+01
1.041000e+03 3.466757e+01
1.042000e+03 3.248400e+01
1.043000e+03 3.314320e+01
1.044000e+03 3.338697e+01
1.045000e+03 3.281840e+01
1.046000e+03 3.525643e+01
1.047000e+03 3.400787e+01
1.048000e+03 3.349970e+01
1.049000e+03 3.463727e+01
1.050000e+03 3.348607e+01
1.051000e+03 3.353567e+01
1.052000e+03 3.185147e+01
1.053000e+03 3.429833e+01
1.054000e+03 3.168410e+01
1.055000e+03 3.333160e+01
1.056000e+03 3.236230e+01
1.057000e+03 3.205273e+01
1.058000e+03 3.134330e+01
1.059000e+03 3.183030e+01
1.060000e+03 3.215267e+01
1.061000e+03 3.183040e+01
1.062000e+03 3.079527e+01
1.063000e+03 3.092490e+01
1.064000e+03 3.220933e+01
1.065000e+03 3.258583e+01
1.066000e+03 3.100867e+01
1.067000e+03 3.117307e+01
1.068000e+03 3.065273e+01
1.069000e+03 3.008507e+01
1.070000e+03 2.875947e+01
1.071000e+03 2.989383e+01
1.072000e+03 3.087163e+01
1.073000e+03 3.064687e+01
1.074000e+03 3.148497e+01
1.075000e+03 3.049410e+01
1.076000e+03 2.919537e+01
1.077000e+03 3.041127e+01
1.078000e+03 2.973220e+01
1.079000e+03 2.983953e+01
1.080000e+03 3.027510e+01
1.081000e+03 2.931020e+01
1.082000e+03 3.007353e+01
1.083000e+03 2.856667e+01
1.084000e+03 2.960240e+01
1.085000e+03 3.001170e+01
1.086000e+03 2.891483e+01
1.087000e+03 2.727497e+01
1.088000e+03 2.784330e+01
1.089000e+03 2.825480e+01
1.090000e+03 2.731363e+01
1.091000e+03 2.826213e+01
1.092000e+03 2.757490e+01
1.093000e+03 2.877980e+01
1.094000e+03 2.819807e+01
1.095000e+03 2.761073e+01
1.096000e+03 2.888603e+01
1.097000e+03 2.690333e+01
1.098000e+03 2.622567e+01
1.099000e+03 2.590857e+01
1.100000e+03 2.535867e+01
1.101000e+03 2.657883e+01
1.102000e+03 2.624210e+01
1.103000e+03 2.635003e+01
1.104000e+03 2.574137e+01
1.105000e+03 2.601573e+01
1.106000e+03 2.583137e+01
1.107000e+03 2.546090e+01
1.108000e+03 2.498923e+01
1.109000e+03 2.603550e+01
1.110000e+03 2.530637e+01
1.111000e+03 2.648487e+01
1.112000e+03 2.594053e+01
1.113000e+03 2.580350e+01
1.114000e+03 2.532803e+01
1.115000e+03 2.558660e+01
1.116000e+03 2.394423e+01
1.117000e+03 2.285757e+01
1.118000e+03 2.363447e+01
1.119000e+03 2.320540e+01
1.120000e+03 2.378020e+01
1.121000e+03 2.330813e+01
1.122000e+03 2.346573e+01
1.123000e+03 2.437607e+01
1.124000e+03 2.364650e+01
1.125000e+03 2.302210e+01
1.126000e+03 2.380267e+01
1.127000e+03 2.373480e+01
1.128000e+03 2.313350e+01
1.129000e+03 2.383190e+01
1.130000e+03 2.295860e+01
1.131000e+03 2.229377e+01
1.132000e+03 2.232667e+01
1.133000e+03 2.252437e+01
1.134000e+03 2.193867e+01
1.135000e+03 2.321090e+01
1.136000e+03 2.168147e+01
1.137000e+03 2.280087e+01
1.138000e+03 2.251163e+01
1.139000e+03 2.072457e+01
1.140000e+03 2.044377e+01
1.141000e+03 2.134153e+01
1.142000e+03 2.111810e+01
1.143000e+03 2.050837e+01
1.144000e+03 2.136423e+01
1.145000e+03 2.178100e+01
1.146000e+03 2.146937e+01
1.147000e+03 1.954290e+01
1.148000e+03 2.020297e+01
1.149000e+03 2.195677e+01
1.150000e+03 2.045653e+01
1.151000e+03 1.969247e+01
1.152000e+03 1.989000e+01
1.153000e+03 2.064317e+01
1.154000e+03 2.007283e+01
1.155000e+03 1.885513e+01
1.156000e+03 1.990883e+01
1.157000e+03 1.958190e+01
1.158000e+03 1.959560e+01
1.159000e+03 1.981270e+01
1.160000e+03 1.908563e+01
1.161000e+03 1.903787e+01
1.162000e+03 1.864267e+01
1.163000e+03 1.795043e+01
1.164000e+03 1.939693e+01
1.165000e+03 1.946263e+01
1.166000e+03 1.808413e+01
1.167000e+03 1.885170e+01
1.168000e+03 1.788383e+01
1.169000e+03 1.814117e+01
1.170000e+03 1.881920e+01
1.171000e+03 1.896337e+01
1.172000e+03 1.762850e+01
1.173000e+03 1.793657e+01
1.174000e+03 1.651473e+01
1.175000e+03 1.623257e+01
1.176000e+03 1.536043e+01
1.177000e+03 1.777493e+01
1.178000e+03 1.604820e+01
1.179000e+03 1.789450e+01
1.180000e+03 1.658223e+01
1.181000e+03 1.664217e+01
1.182000e+03 1.518644e+01
1.183000e+03 1.598113e+01
1.184000e+03 1.593343e+01
1.185000e+03 1.552553e+01
1.186000e+03 1.495463e+01
1.187000e+03 1.542843e+01
1.188000e+03 1.455890e+01
1.189000e+03 1.471166e+01
1.190000e+03 1.534570e+01
1.191000e+03 1.475333e+01
1.192000e+03 1.584020e+01
1.193000e+03 1.535500e+01
1.194000e+03 1.543820e+01
1.195000e+03 1.501693e+01
1.196000e+03 1.555413e+01
1.197000e+03 1.521023e+01
1.198000e+03 1.584027e+01
1.199000e+03 1.599290e+01
1.200000e+03 1.536823e+01
1.201000e+03 1.532380e+01
1.202000e+03 1.453850e+01
1.203000e+03 1.500337e+01
1.204000e+03 1.490423e+01
1.205000e+03 1.462017e+01
1.206000e+03 1.406333e+01
1.207000e+03 1.342513e+01
1.208000e+03 1.386200e+01
1.209000e+03 1.354920e+01
1.210000e+03 1.373094e+01
1.211000e+03 1.371787e+01
1.212000e+03 1.378517e+01
1.213000e+03 1.319480e+01
1.214000e+03 1.233697e+01
1.215000e+03 1.346403e+01
1.216000e+03 1.310443e+01
1.217000e+03 1.232067e+01
1.218000e+03 1.200423e+01
1.219000e+03 1.164877e+01
1.220000e+03 1.303510e+01
1.221000e+03 1.241156e+01
1.222000e+03 1.156376e+01
1.223000e+03 1.195923e+01
1.224000e+03 1.301351e+01
1.225000e+03 1.127661e+01
1.226000e+03 1.179880e+01
1.227000e+03 1.278081e+01
1.228000e+03 1.073923e+01
1.229000e+03 1.131580e+01
1.230000e+03 1.168110e+01
1.231000e+03 1.212424e+01
1.232000e+03 1.065664e+01
1.233000e+03 1.152642e+01
1.234000e+03 1.095917e+01
1.235000e+03 1.175100e+01
1.236000e+03 1.054794e+01
1.237000e+03 1.112839e+01
1.238000e+03 1.160502e+01
1.239000e+03 1.077395e+01
1.240000e+03 1.161170e+01
1.241000e+03 1.045251e+01
1.242000e+03 1.020751e+01
1.243000e+03 1.091072e+01
1.244000e+03 1.026566e+01
1.245000e+03 1.023019e+01
1.246000e+03 1.061647e+01
1.247000e+03 9.873339e+00
1.248000e+03 9.952130e+00
1.249000e+03 1.008140e+01
1.250000e+03 1.112822e+01
1.251000e+03 1.043370e+01
1.252000e+03 7.950905e+00
1.253000e+03 6.587655e+00
1.254000e+03 4.706052e+00
1.255000e+03 4.056567e+00
1.256000e+03 2.438171e+00
1.257000e+03 1.467212e+00
1.258000e+03 3.327753e+00
1.259000e+03 2.938970e+00
1.260000e+03 3.587213e+00
1.261000e+03 5.744599e+00
1.262000e+03 6.684133e+00
1.263000e+03 8.242780e+00
1.264000e+03 1.021579e+01
1.265000e+03 9.614591e+00
1.266000e+03 9.193229e+00
1.267000e+03 9.441072e+00
1.268000e+03 8.775404e+00
1.269000e+03 8.654567e+00
1.270000e+03 7.810121e+00
1.271000e+03 8.301191e+00
1.272000e+03 8.366632e+00
1.273000e+03 8.538899e+00
1.274000e+03 8.063631e+00
1.275000e+03 8.460763e+00
1.276000e+03 7.804997e+00
1.277000e+03 8.431098e+00
1.278000e+03 8.280264e+00
1.279000e+03 7.391539e+00
1.280000e+03 9.016689e+00
1.281000e+03 8.740806e+00
1.282000e+03 8.700172e+00
1.283000e+03 7.983497e+00
1.284000e+03 7.895985e+00
1.285000e+03 7.762248e+00
1.286000e+03 6.909103e+00
1.287000e+03 6.720136e+00
1.288000e+03 7.336393e+00
1.289000e+03 7.705168e+00
1.290000e+03 8.078877e+00
1.291000e+03 7.060107e+00
1.292000e+03 7.702899e+00
1.293000e+03 8.369393e+00
1.294000e+03 6.589743e+00
1.295000e+03 6.605588e+00
1.296000e+03 7.034073e+00
1.297000e+03 5.763868e+00
1.298000e+03 6.114321e+00
1.299000e+03 4.972814e+00
1.300000e+03 4.724357e+00
1.301000e+03 6.057841e+00
1.302000e+03 5.729110e+00
1.303000e+03 5.859656e+00
1.304000e+03 6.809134e+00
1.305000e+03 6.094837e+00
1.306000e+03 4.713370e+00
1.307000e+03 5.224714e+00
1.308000e+03 6.138682e+00
1.309000e+03 5.588156e+00
1.310000e+03 6.114936e+00
1.311000e+03 4.904206e+00
1.312000e+03 6.735024e+00
1.313000e+03 5.921086e+00
1.314000e+03 5.630048e+00
1.315000e+03 5.922264e+00
1.316000e+03 6.124556e+00
1.317000e+03 6.744270e+00
1.318000e+03 4.697776e+00
1.319000e+03 6.020289e+00
1.320000e+03 5.034527e+00
1.321000e+03 5.452838e+00
1.322000e+03 5.423683e+00
1.323000e+03 6.139347e+00
1.324000e+03 5.043042e+00
1.325000e+03 4.212354e+00
1.326000e+03 4.846928e+00
1.327000e+03 5.030636e+00
1.328000e+03 5.600774e+00
1.329000e+03 4.418822e+00
1.330000e+03 4.626770e+00
1.331000e+03 4.857695e+00
1.332000e+03 3.646076e+00
1.333000e+03 3.125433e+00
1.334000e+03 4.537860e+00
1.335000e+03 4.117426e+00
1.336000e+03 3.478277e+00
1.337000e+03 3.224803e+00
1.338000e+03 4.706084e+00
1.339000e+03 3.708277e+00
1.340000e+03 3.702970e+00
1.341000e+03 4.082564e+00
1.342000e+03 4.642885e+00
1.343000e+03 3.665937e+00
1.344000e+03 5.158145e+00
1.345000e+03 3.910506e+00
1.346000e+03 3.804866e+00
1.347000e+03 4.473670e+00
1.348000e+03 5.444910e+00
1.349000e+03 4.157613e+00
1.350000e+03 4.770257e+00
1.351000e+03 3.007062e+00
1.352000e+03 4.187153e+00
1.353000e+03 4.065337e+00
1.354000e+03 4.277479e+00
1.355000e+03 3.980181e+00
1.356000e+03 4.239779e+00
1.357000e+03 3.906113e+00
1.358000e+03 5.252131e+00
1.359000e+03 4.668436e+00
1.360000e+03 4.648846e+00
1.361000e+03 3.284083e+00
1.362000e+03 4.250680e+00
1.363000e+03 3.535472e+00
1.364000e+03 4.464867e+00
1.365000e+03 4.017007e+00
1.366000e+03 2.797767e+00
1.367000e+03 4.018707e+00
1.368000e+03 2.948390e+00
1.369000e+03 2.576967e+00
1.370000e+03 3.573360e+00
1.371000e+03 2.595117e+00
1.372000e+03 3.230276e+00
1.373000e+03 3.227867e+00
1.374000e+03 3.136276e+00
1.375000e+03 3.677956e+00
1.376000e+03 2.889493e+00
1.377000e+03 3.134284e+00
1.378000e+03 3.605457e+00
1.379000e+03 3.527235e+00
1.380000e+03 2.900133e+00
1.381000e+03 3.524838e+00
1.382000e+03 3.970191e+00
1.383000e+03 3.210717e+00
1.384000e+03 4.001343e+00
1.385000e+03 2.796755e+00
1.386000e+03 3.715696e+00
1.387000e+03 3.719410e+00
1.388000e+03 3.084327e+00
1.389000e+03 3.132080e+00
1.390000e+03 2.888174e+00
1.391000e+03 3.853036e+00
1.392000e+03 2.290763e+00
1.393000e+03 2.410240e+00
1.394000e+03 3.866313e+00
1.395000e+03 3.185090e+00
1.396000e+03 3.130514e+00
1.397000e+03 1.936293e+00
1.398000e+03 1.829361e+00
1.399000e+03 1.670806e+00
1.400000e+03 1.365908e+00
1.401000e+03 1.109976e+00
1.402000e+03 2.152180e+00
1.403000e+03 1.999332e+00
1.404000e+03 1.576176e+00
1.405000e+03 2.841855e+00
1.406000e+03 2.179073e+00
1.407000e+03 2.519089e+00
1.408000e+03 3.643790e+00
1.409000e+03 4.070080e+00
1.410000e+03 2.305614e+00
1.411000e+03 3.689170e+00
1.412000e+03 2.044803e+00
1.413000e+03 2.623827e+00
1.414000e+03 2.442184e+00
1.415000e+03 2.209994e+00
1.416000e+03 3.426939e+00
1.417000e+03 1.774398e+00
1.418000e+03 2.671060e+00
1.419000e+03 2.413821e+00
1.420000e+03 2.317256e+00
1.421000e+03 2.362427e+00
1.422000e+03 2.084835e+00
1.423000e+03 1.956897e+00
1.424000e+03 1.270633e+00
1.425000e+03 1.360450e+00
1.426000e+03 2.577965e+00
1.427000e+03 2.052194e+00
1.428000e+03 2.076749e+00
1.429000e+03 1.183297e+00
1.430000e+03 1.976190e+00
1.431000e+03 1.485887e+00
1.432000e+03 -3.097939e-01
1.433000e+03 1.592117e+00
1.434000e+03 3.132309e+00
1.435000e+03 2.955554e+00
1.436000e+03 1.925788e+00
1.437000e+03 1.605542e+00
1.438000e+03 1.379222e+00
1.439000e+03 1.343653e+00
1.440000e+03 1.022169e+00
1.441000e+03 1.580889e+00
1.442000e+03 6.054137e-01
1.443000e+03 -1.013985e+00
1.444000e+03 8.311801e-01
1.445000e+03 1.673441e+00
1.446000e+03 5.037901e-01
1.447000e+03 -7.467832e-01
1.448000e+03 -3.593906e-01
1.449000e+03 9.693145e-01
1.450000e+03 3.675112e-01
1.451000e+03 2.818404e+00
1.452000e+03 3.736346e-01
1.453000e+03 1.893587e+00
1.454000e+03 8.936584e-01
1.455000e+03 2.631600e+00
1.456000e+03 1.289461e+00
1.457000e+03 7.623214e-01
1.458000e+03 2.083255e+00
1.459000e+03 -4.270006e-01
1.460000e+03 -7.009659e-01
1.461000e+03 -1.354391e+00
1.462000e+03 -4.874843e-01
1.463000e+03 3.302947e-01
1.464000e+03 7.383309e-01
1.465000e+03 4.079927e-01
1.466000e+03 -9.410908e-01
1.467000e+03 -5.349489e-01
1.468000e+03 1.513809e+00
1.469000e+03 2.098573e+00
1.470000e+03 2.186930e+00
1.471000e+03 1.740371e+00
1.472000e+03 7.527406e-01
1.473000e+03 5.159451e-01
1.474000e+03 1.305733e-01
1.475000e+03 1.935104e+00
1.476000e+03 3.759329e+00
1.477000e+03 -2.403331e+00
1.478000e+03 2.036068e+00
1.479000e+03 -5.015267e-03
1.480000e+03 3.626143e-02
1.481000e+03 -2.905090e+00
1.482000e+03 -3.905091e-01
1.483000e+03 -3.026007e+00
1.484000e+03 -1.580831e+00
1.485000e+03 -1.414432e+00
1.486000e+03 7.677904e-01
1.487000e+03 2.714552e-01
1.488000e+03 1.542724e+00
1.489000e+03 2.179546e+00
1.490000e+03 2.376795e-01
1.491000e+03 -7.026767e-01
1.492000e+03 -1.361416e-01
1.493000e+03 -3.645937e+00
1.494000e+03 -2.553847e+00
1.495000e+03 -3.118490e+00
1.496000e+03 2.955664e-01
1.497000e+03 3.009927e-01
1.498000e+03 -2.467458e+00
1.499000e+03 -2.343326e+00
1.500000e+03 -1.816493e+00
1.501000e+03 -3.775903e+00
1.502000e+03 -7.578164e+00
1.503000e+03 -5.190004e+00
1.504000e+03 -3.226275e+00
1.505000e+03 -2.954995e+00
1.506000e+03 -4.724666e-01
1.507000e+03 1.628010e+00
1.508000e+03 -2.530035e+00
1.509000e+03 -6.499098e+00
1.510000e+03 -2.573295e+00
1.511000e+03 -4.409993e-01
1.512000e+03 -1.871068e+00
1.513000e+03 -3.279861e+00
1.514000e+03 -6.813443e+00
1.515000e+03 -2.683156e+00
1.516000e+03 -5.322802e+00
1.517000e+03 -6.030603e+00
1.518000e+03 -1.839267e+00
1.519000e+03 -5.123360e+00
1.520000e+03 -1.191365e+00
1.521000e+03 -5.928943e-01
1.522000e+03 -4.684297e+00
1.523000e+03 -5.694265e+00
1.524000e+03 -4.494424e+00
1.525000e+03 -5.458959e+00
1.526000e+03 -7.045265e+00
1.527000e+03 -6.658957e+00
1.528000e+03 6.899667e-03
1.529000e+03 -7.573131e+00
1.530000e+03 -5.748246e+00
1.531000e+03 -9.040773e+00
1.532000e+03 -8.975278e+00
1.533000e+03 -1.144930e+01
1.534000e+03 -4.172868e+00
1.535000e+03 -4.836969e+00
1.536000e+03 -9.822404e+00
1.537000e+03 1.797343e+00
1.538000e+03 -4.321499e+00
1.539000e+03 -1.017073e+01
1.540000e+03 -7.861501e+00
1.541000e+03 -9.572826e+00
1.542000e+03 -1.767537e+00
1.543000e+03 -3.344699e+00
1.544000e+03 -7.802498e+00
1.545000e+03 -9.925365e+00
1.546000e+03 -5.702464e+00
1.547000e+03 -2.596801e+00
1.548000e+03 -7.926333e+00
1.549000e+03 -2.397628e+00
1.550000e+03 -1.034140e+01
1.551000e+03 -1.012347e+01
1.552000e+03 -1.198960e+01
1.553000e+03 -5.139664e+00
1.554000e+03 -5.262061e+00
1.555000e+03 -4.526042e+00
1.556000e+03 -1.200317e+01
1.557000e+03 -8.273704e+00
1.558000e+03 -1.341667e+01
1.559000e+03 -8.484667e+00
1.560000e+03 -2.443226e+00
1.561000e+03 -1.246436e+01
1.562000e+03 -1.118267e+01
1.563000e+03 -1.614745e+01
1.564000e+03 -1.632760e+01
1.565000e+03 -1.072080e+01
1.566000e+03 -2.167534e+00
1.567000e+03 -1.295144e+01
1.568000e+03 -1.755204e+01
1.569000e+03 -1.337196e+01
1.570000e+03 -1.990472e+01
1.571000e+03 -1.529377e+01
1.572000e+03 -1.752542e+01
1.573000e+03 -1.140717e+01
1.574000e+03 -1.436947e+01
1.575000e+03 -9.855247e+00
1.576000e+03 -1.513972e+01
1.577000e+03 -1.602694e+01
1.578000e+03 -1.347338e+01
1.579000e+03 -1.328626e+01
1.580000e+03 -1.432674e+01
1.581000e+03 -1.232770e+01
1.582000e+03 -1.259807e+01
1.583000e+03 -2.315607e+01
1.584000e+03 -1.944219e+01
1.585000e+03 -1.650317e+01
1.586000e+03 -1.179997e+01
1.587000e+03 -1.237789e+01
1.588000e+03 -2.579596e+01
1.589000e+03 -1.552937e+01
1.590000e+03 -2.515869e+01
1.591000e+03 -2.792739e+01
1.592000e+03 -1.667772e+01
1.593000e+03 -2.140759e+01
1.594000e+03 -1.150000e+01
1.595000e+03 -1.046669e+01
1.596000e+03 -2.976664e+01
1.597000e+03 -1.576672e+01
1.598000e+03 -3.593333e+01
1.599000e+03 -2.393331e+01
1.600000e+03 -1.913333e+01
