1.000000e+00 1.000000e+02
2.000000e+00 7.368747e-02
3.000000e+00 1.578957e-01
4.000000e+00 1.094747e+00
5.000000e+00 -1.515796e+00
6.000000e+00 4.420952e-01
7.000000e+00 5.789476e-01
8.000000e+00 -2.484349e+01
9.000000e+00 1.042494e+00
1.000000e+01 -4.391646e-01
1.100000e+01 -3.736520e-01
1.200000e+01 4.037321e-01
1.300000e+01 -1.135715e-01
1.400000e+01 -2.002693e-01
1.500000e+01 -1.344149e+00
1.600000e+01 1.320803e+00
1.700000e+01 -2.908928e-01
1.800000e+01 -1.477012e+00
1.900000e+01 1.221083e+00
2.000000e+01 8.224920e-01
2.100000e+01 1.452264e+00
2.200000e+01 4.932375e-01
2.300000e+01 1.373164e+00
2.400000e+01 -8.267817e-01
2.500000e+01 4.629792e-01
2.600000e+01 -1.774926e-02
2.700000e+01 6.156311e-02
2.800000e+01 1.173587e+00
2.900000e+01 -1.393560e-01
3.000000e+01 7.585001e-01
3.100000e+01 3.253657e-01
3.200000e+01 9.094488e-01
3.300000e+01 1.484390e-01
3.400000e+01 1.540544e+00
3.500000e+01 4.462861e-01
3.600000e+01 3.733299e-01
3.700000e+01 -1.284734e+00
3.800000e+01 5.621592e-01
3.900000e+01 1.628771e+00
4.000000e+01 -1.252388e+00
4.100000e+01 -1.152839e+00
4.200000e+01 -9.963476e-01
4.300000e+01 -1.841108e-01
4.400000e+01 6.022329e-01
4.500000e+01 -4.039845e-01
4.600000e+01 8.208947e-02
4.700000e+01 -2.561877e-01
4.800000e+01 -1.992967e+00
4.900000e+01 5.618968e-01
5.000000e+01 -2.356639e+00
5.100000e+01 -2.347828e-01
5.200000e+01 -3.612652e-01
5.300000e+01 -2.171898e-01
5.400000e+01 3.450921e-01
5.500000e+01 1.040614e+00
5.600000e+01 1.860899e+00
5.700000e+01 1.763680e+00
5.800000e+01 -3.594349e-01
5.900000e+01 -7.835231e-01
6.000000e+01 -3.776500e-01
6.100000e+01 7.132333e-01
6.200000e+01 5.078107e-01
6.300000e+01 6.838074e-01
6.400000e+01 -2.459802e-01
6.500000e+01 -1.925711e-01
6.600000e+01 6.514997e-01
6.700000e+01 1.938112e+00
6.800000e+01 -3.343789e-02
6.900000e+01 5.851858e-01
7.000000e+01 -1.355215e-01
7.100000e+01 8.810259e-01
7.200000e+01 5.546985e-01
7.300000e+01 -1.541011e+00
7.400000e+01 -8.600581e-01
7.500000e+01 1.230035e-01
7.600000e+01 -1.392309e+00
7.700000e+01 4.239049e-01
7.800000e+01 -1.971186e-01
7.900000e+01 4.147057e-01
8.000000e+01 7.414978e-01
8.100000e+01 2.150904e-01
8.200000e+01 6.515471e-01
8.300000e+01 -1.202077e+00
8.400000e+01 6.474385e-01
8.500000e+01 9.217327e-01
8.600000e+01 8.797300e-02
8.700000e+01 7.717336e-01
8.800000e+01 -2.623404e-01
8.900000e+01 9.310142e-02
9.000000e+01 6.060956e-01
9.100000e+01 -3.789786e-01
9.200000e+01 -5.585872e-01
9.300000e+01 -2.817386e-01
9.400000e+01 -6.622721e-02
9.500000e+01 6.045221e-01
9.600000e+01 -6.046144e-01
9.700000e+01 3.606272e-01
9.800000e+01 8.393719e-01
9.900000e+01 1.265312e+00
1.000000e+02 2.689545e+00
1.010000e+02 1.612334e-01
1.020000e+02 3.087591e-01
1.030000e+02 -2.424716e-01
1.040000e+02 -5.243629e-01
1.050000e+02 5.666772e-01
1.060000e+02 -9.516191e-01
1.070000e+02 -1.299230e+00
1.080000e+02 -3.248741e-01
1.090000e+02 -6.975751e-01
1.100000e+02 7.080319e-01
1.110000e+02 -4.287718e-01
1.120000e+02 -5.308142e-01
1.130000e+02 3.935946e-01
1.140000e+02 2.332655e-01
1.150000e+02 -3.776336e-01
1.160000e+02 8.010799e-01
1.170000e+02 1.457538e+00
1.180000e+02 4.262969e-01
1.190000e+02 1.311444e+00
1.200000e+02 2.317743e-02
1.210000e+02 9.840295e-01
1.220000e+02 9.042411e-02
1.230000e+02 9.599853e-01
1.240000e+02 2.018310e+00
1.250000e+02 1.143028e+00
1.260000e+02 9.040426e-02
1.270000e+02 7.724699e-01
1.280000e+02 1.267809e-01
1.290000e+02 -6.817805e-01
1.300000e+02 5.464313e-01
1.310000e+02 -2.702008e-01
1.320000e+02 2.343575e-01
1.330000e+02 -1.040926e+00
1.340000e+02 -3.016528e-01
1.350000e+02 -5.603932e-01
1.360000e+02 -7.584651e-01
1.370000e+02 -8.754068e-02
1.380000e+02 -3.388802e-01
1.390000e+02 -7.356210e-01
1.400000e+02 -8.686161e-01
1.410000e+02 -1.098384e-02
1.420000e+02 1.551166e+00
1.430000e+02 -2.536532e-02
1.440000e+02 -7.593984e-01
1.450000e+02 -1.972669e+00
1.460000e+02 -1.537596e+00
1.470000e+02 -4.624138e-01
1.480000e+02 -1.270028e+00
1.490000e+02 -2.055355e+00
1.500000e+02 -2.310783e+00
1.510000e+02 -1.356499e+00
1.520000e+02 -1.083485e+00
1.530000e+02 -8.187046e-01
1.540000e+02 -9.469919e-01
1.550000e+02 -9.253156e-01
1.560000e+02 -2.756119e-01
1.570000e+02 -3.566343e-01
1.580000e+02 -3.798558e-03
1.590000e+02 -1.817213e-01
1.600000e+02 -1.122895e+00
1.610000e+02 1.252028e-01
1.620000e+02 -3.167075e-01
1.630000e+02 3.416313e-01
1.640000e+02 7.499631e-01
1.650000e+02 1.184000e+00
1.660000e+02 7.579715e-01
1.670000e+02 4.061926e-01
1.680000e+02 8.547086e-01
1.690000e+02 1.988272e-01
1.700000e+02 5.781323e-01
1.710000e+02 -7.106938e-02
1.720000e+02 1.219890e+00
1.730000e+02 2.907967e-01
1.740000e+02 1.215939e+00
1.750000e+02 1.318265e+00
1.760000e+02 5.285581e-01
1.770000e+02 1.623282e+00
1.780000e+02 1.259208e+00
1.790000e+02 1.787455e+00
1.800000e+02 1.858795e+00
1.810000e+02 7.153149e-01
1.820000e+02 4.203321e-01
1.830000e+02 2.057728e+00
1.840000e+02 4.738099e-01
1.850000e+02 1.178256e+00
1.860000e+02 1.395686e+00
1.870000e+02 1.319711e+00
1.880000e+02 1.567440e+00
1.890000e+02 2.007770e+00
1.900000e+02 1.319478e+00
1.910000e+02 -9.809184e-01
1.920000e+02 5.249656e-01
1.930000e+02 7.037916e-01
1.940000e+02 4.160208e-01
1.950000e+02 3.464406e-01
1.960000e+02 1.234123e-01
1.970000e+02 6.374389e-03
1.980000e+02 6.013886e-01
1.990000e+02 8.017328e-01
2.000000e+02 1.593669e-01
2.010000e+02 -1.869768e-01
2.020000e+02 3.988421e-01
2.030000e+02 8.261322e-01
2.040000e+02 -9.535256e-01
2.050000e+02 5.821981e-01
2.060000e+02 -2.021363e-01
2.070000e+02 1.320248e+00
2.080000e+02 -1.726043e-01
2.090000e+02 5.463168e-02
2.100000e+02 8.347737e-03
2.110000e+02 -7.146995e-01
2.120000e+02 1.693840e-01
2.130000e+02 -6.254774e-02
2.140000e+02 4.511552e-01
2.150000e+02 8.409429e-01
2.160000e+02 -1.560681e-01
2.170000e+02 4.066595e-01
2.180000e+02 7.621189e-01
2.190000e+02 5.253797e-01
2.200000e+02 -1.645368e-02
2.210000e+02 -9.664716e-02
2.220000e+02 7.695664e-01
2.230000e+02 1.447822e+00
2.240000e+02 6.308004e-01
2.250000e+02 1.371212e+00
2.260000e+02 1.441178e+00
2.270000e+02 1.135169e+00
2.280000e+02 1.134961e+00
2.290000e+02 9.797458e-01
2.300000e+02 6.154189e-01
2.310000e+02 1.309921e+00
2.320000e+02 -5.164036e-01
2.330000e+02 2.425450e-01
2.340000e+02 3.830221e-01
2.350000e+02 4.828309e-01
2.360000e+02 1.336636e-01
2.370000e+02 3.106503e-01
2.380000e+02 7.427009e-01
2.390000e+02 3.157895e-01
2.400000e+02 1.175568e+00
2.410000e+02 1.103074e+00
2.420000e+02 1.410126e+00
2.430000e+02 2.380246e-01
2.440000e+02 7.978794e-01
2.450000e+02 2.410944e-01
2.460000e+02 -1.992616e-01
2.470000e+02 2.518133e-01
2.480000e+02 9.246151e-02
2.490000e+02 1.469432e+00
2.500000e+02 5.680080e-01
2.510000e+02 9.886272e-01
2.520000e+02 4.588232e-01
2.530000e+02 2.485406e-01
2.540000e+02 8.875043e-01
2.550000e+02 8.533784e-01
2.560000e+02 -1.903304e-01
2.570000e+02 8.793098e-01
2.580000e+02 2.264653e-01
2.590000e+02 6.366428e-01
2.600000e+02 1.226606e+00
2.610000e+02 9.181301e-01
2.620000e+02 8.330503e-01
2.630000e+02 1.611971e+00
2.640000e+02 9.194411e-01
2.650000e+02 1.758283e-01
2.660000e+02 7.885784e-02
2.670000e+02 -1.064484e-01
2.680000e+02 -5.273564e-01
2.690000e+02 6.118556e-01
2.700000e+02 1.010380e+00
2.710000e+02 5.096089e-02
2.720000e+02 6.111469e-01
2.730000e+02 -3.766353e-01
2.740000e+02 4.291758e-01
2.750000e+02 6.893393e-01
2.760000e+02 1.144861e-02
2.770000e+02 3.219733e-01
2.780000e+02 1.332550e+00
2.790000e+02 1.109414e+00
2.800000e+02 -3.923752e-01
2.810000e+02 1.103230e+00
2.820000e+02 6.245004e-01
2.830000e+02 1.348699e+00
2.840000e+02 -3.073273e-01
2.850000e+02 -4.832182e-01
2.860000e+02 -6.043882e-01
2.870000e+02 1.508107e+00
2.880000e+02 -2.299274e-01
2.890000e+02 -1.500195e-02
2.900000e+02 7.972000e-02
2.910000e+02 -5.604263e-03
2.920000e+02 1.006767e+00
2.930000e+02 1.454311e+00
2.940000e+02 1.053608e+00
2.950000e+02 9.243513e-01
2.960000e+02 1.024292e+00
2.970000e+02 3.529239e-01
2.980000e+02 2.585121e-01
2.990000e+02 1.034061e+00
3.000000e+02 -3.781737e-03
3.010000e+02 1.415618e+00
3.020000e+02 2.548561e+00
3.030000e+02 -1.652635e-01
3.040000e+02 -2.161918e-01
3.050000e+02 7.827208e-01
3.060000e+02 8.780943e-01
3.070000e+02 8.049633e-01
3.080000e+02 1.959720e-01
3.090000e+02 5.030461e-01
3.100000e+02 1.147779e+00
3.110000e+02 8.097474e-03
3.120000e+02 2.290895e-01
3.130000e+02 7.094593e-01
3.140000e+02 1.423743e+00
3.150000e+02 1.442795e+00
3.160000e+02 1.352740e+00
3.170000e+02 1.029472e+00
3.180000e+02 -5.368141e-02
3.190000e+02 1.379418e+00
3.200000e+02 1.421361e+00
3.210000e+02 1.305358e+00
3.220000e+02 2.395304e+00
3.230000e+02 1.232074e+00
3.240000e+02 4.492509e-01
3.250000e+02 1.933133e+00
3.260000e+02 1.437580e+00
3.270000e+02 2.196126e+00
3.280000e+02 1.559687e+00
3.290000e+02 1.366495e+00
3.300000e+02 2.139174e+00
3.310000e+02 1.810426e+00
3.320000e+02 1.776288e+00
3.330000e+02 3.136412e+00
3.340000e+02 1.445200e+00
3.350000e+02 1.836928e+00
3.360000e+02 2.117837e+00
3.370000e+02 1.157458e+00
3.380000e+02 2.550838e+00
3.390000e+02 1.968056e+00
3.400000e+02 2.237862e+00
3.410000e+02 2.309996e+00
3.420000e+02 2.111520e+00
3.430000e+02 3.554317e+00
3.440000e+02 3.383732e+00
3.450000e+02 2.321587e+00
3.460000e+02 2.853871e+00
3.470000e+02 3.464870e+00
3.480000e+02 3.710863e+00
3.490000e+02 2.457244e+00
3.500000e+02 3.981072e+00
3.510000e+02 3.924322e+00
3.520000e+02 4.316903e+00
3.530000e+02 4.366522e+00
3.540000e+02 5.124266e+00
3.550000e+02 5.204869e+00
3.560000e+02 5.052745e+00
3.570000e+02 5.097628e+00
3.580000e+02 6.036736e+00
3.590000e+02 6.609755e+00
3.600000e+02 6.722535e+00
3.610000e+02 6.085071e+00
3.620000e+02 6.671067e+00
3.630000e+02 6.577421e+00
3.640000e+02 7.042435e+00
3.650000e+02 6.508471e+00
3.660000e+02 6.787195e+00
3.670000e+02 7.659068e+00
3.680000e+02 7.653236e+00
3.690000e+02 7.247512e+00
3.700000e+02 8.340056e+00
3.710000e+02 9.105566e+00
3.720000e+02 8.304703e+00
3.730000e+02 9.662748e+00
3.740000e+02 9.767156e+00
3.750000e+02 1.143082e+01
3.760000e+02 9.585090e+00
3.770000e+02 1.186392e+01
3.780000e+02 1.363344e+01
3.790000e+02 1.098661e+01
3.800000e+02 1.318097e+01
3.810000e+02 9.969642e+00
3.820000e+02 1.146939e+01
3.830000e+02 1.184261e+01
3.840000e+02 1.294322e+01
3.850000e+02 1.283519e+01
3.860000e+02 1.253950e+01
3.870000e+02 1.297344e+01
3.880000e+02 1.317205e+01
3.890000e+02 1.320317e+01
3.900000e+02 1.407077e+01
3.910000e+02 1.267475e+01
3.920000e+02 1.593143e+01
3.930000e+02 1.573757e+01
3.940000e+02 1.665399e+01
3.950000e+02 1.595595e+01
3.960000e+02 1.662488e+01
3.970000e+02 1.618395e+01
3.980000e+02 1.752021e+01
3.990000e+02 1.661940e+01
4.000000e+02 1.690654e+01
4.010000e+02 1.585595e+01
4.020000e+02 1.685677e+01
4.030000e+02 1.857532e+01
4.040000e+02 1.727723e+01
4.050000e+02 1.856829e+01
4.060000e+02 1.866348e+01
4.070000e+02 1.905963e+01
4.080000e+02 2.031967e+01
4.090000e+02 1.975758e+01
4.100000e+02 1.931129e+01
4.110000e+02 2.038389e+01
4.120000e+02 2.059892e+01
4.130000e+02 2.132127e+01
4.140000e+02 2.163475e+01
4.150000e+02 2.225954e+01
4.160000e+02 2.051075e+01
4.170000e+02 2.102659e+01
4.180000e+02 2.262695e+01
4.190000e+02 2.216451e+01
4.200000e+02 2.205503e+01
4.210000e+02 2.220567e+01
4.220000e+02 2.216796e+01
4.230000e+02 2.405365e+01
4.240000e+02 2.508216e+01
4.250000e+02 2.452498e+01
4.260000e+02 2.514054e+01
4.270000e+02 2.547486e+01
4.280000e+02 2.632606e+01
4.290000e+02 2.538387e+01
4.300000e+02 2.516796e+01
4.310000e+02 2.512419e+01
4.320000e+02 2.447123e+01
4.330000e+02 2.520252e+01
4.340000e+02 2.611473e+01
4.350000e+02 2.744586e+01
4.360000e+02 2.656374e+01
4.370000e+02 2.776961e+01
4.380000e+02 2.662812e+01
4.390000e+02 2.562265e+01
4.400000e+02 2.622881e+01
4.410000e+02 2.978699e+01
4.420000e+02 2.828857e+01
4.430000e+02 2.820747e+01
4.440000e+02 2.683177e+01
4.450000e+02 2.702348e+01
4.460000e+02 2.810484e+01
4.470000e+02 2.965556e+01
4.480000e+02 2.937513e+01
4.490000e+02 2.951096e+01
4.500000e+02 2.946584e+01
4.510000e+02 3.142381e+01
4.520000e+02 3.254258e+01
4.530000e+02 3.118344e+01
4.540000e+02 3.044469e+01
4.550000e+02 3.067734e+01
4.560000e+02 3.222810e+01
4.570000e+02 3.258255e+01
4.580000e+02 3.282920e+01
4.590000e+02 3.135152e+01
4.600000e+02 3.320009e+01
4.610000e+02 3.309903e+01
4.620000e+02 3.281446e+01
4.630000e+02 3.354958e+01
4.640000e+02 3.383467e+01
4.650000e+02 3.259420e+01
4.660000e+02 3.462615e+01
4.670000e+02 3.430963e+01
4.680000e+02 3.488183e+01
4.690000e+02 3.474262e+01
4.700000e+02 3.577777e+01
4.710000e+02 3.332529e+01
4.720000e+02 3.618544e+01
4.730000e+02 3.578539e+01
4.740000e+02 3.669711e+01
4.750000e+02 3.694690e+01
4.760000e+02 3.594963e+01
4.770000e+02 3.562183e+01
4.780000e+02 3.639132e+01
4.790000e+02 3.661891e+01
4.800000e+02 3.552397e+01
4.810000e+02 3.456491e+01
4.820000e+02 3.625649e+01
4.830000e+02 3.599641e+01
4.840000e+02 3.705806e+01
4.850000e+02 3.669248e+01
4.860000e+02 3.881581e+01
4.870000e+02 3.862804e+01
4.880000e+02 3.885444e+01
4.890000e+02 3.863125e+01
4.900000e+02 3.945239e+01
4.910000e+02 3.952895e+01
4.920000e+02 3.977154e+01
4.930000e+02 3.815267e+01
4.940000e+02 4.088914e+01
4.950000e+02 4.022560e+01
4.960000e+02 3.801317e+01
4.970000e+02 3.985378e+01
4.980000e+02 4.163496e+01
4.990000e+02 3.817735e+01
5.000000e+02 3.934363e+01
5.010000e+02 3.956489e+01
5.020000e+02 3.872732e+01
5.030000e+02 4.052697e+01
5.040000e+02 4.088393e+01
5.050000e+02 4.230449e+01
5.060000e+02 4.064230e+01
5.070000e+02 4.234092e+01
5.080000e+02 3.860904e+01
5.090000e+02 4.096461e+01
5.100000e+02 4.258616e+01
5.110000e+02 4.260324e+01
5.120000e+02 4.042978e+01
5.130000e+02 4.308142e+01
5.140000e+02 4.234446e+01
5.150000e+02 4.079078e+01
5.160000e+02 4.222583e+01
5.170000e+02 4.154611e+01
5.180000e+02 4.449085e+01
5.190000e+02 4.210507e+01
5.200000e+02 4.255375e+01
5.210000e+02 4.375344e+01
5.220000e+02 4.384244e+01
5.230000e+02 4.334612e+01
5.240000e+02 4.322000e+01
5.250000e+02 4.308789e+01
5.260000e+02 4.327492e+01
5.270000e+02 4.195173e+01
5.280000e+02 4.684988e+01
5.290000e+02 4.402198e+01
5.300000e+02 4.583317e+01
5.310000e+02 4.318781e+01
5.320000e+02 4.401777e+01
5.330000e+02 4.487451e+01
5.340000e+02 4.649237e+01
5.350000e+02 4.487146e+01
5.360000e+02 4.564457e+01
5.370000e+02 4.416381e+01
5.380000e+02 4.873062e+01
5.390000e+02 4.557319e+01
5.400000e+02 4.781724e+01
5.410000e+02 4.804342e+01
5.420000e+02 4.595573e+01
5.430000e+02 4.611387e+01
5.440000e+02 4.548422e+01
5.450000e+02 4.926072e+01
5.460000e+02 4.924372e+01
5.470000e+02 4.788824e+01
5.480000e+02 4.936010e+01
5.490000e+02 4.848817e+01
5.500000e+02 4.574375e+01
5.510000e+02 4.986941e+01
5.520000e+02 5.024876e+01
5.530000e+02 4.821803e+01
5.540000e+02 5.096115e+01
5.550000e+02 5.218415e+01
5.560000e+02 5.196605e+01
5.570000e+02 5.021265e+01
5.580000e+02 4.985256e+01
5.590000e+02 5.071173e+01
5.600000e+02 4.992713e+01
5.610000e+02 4.954292e+01
5.620000e+02 5.210588e+01
5.630000e+02 4.850811e+01
5.640000e+02 4.946794e+01
5.650000e+02 5.358842e+01
5.660000e+02 5.299216e+01
5.670000e+02 5.285093e+01
5.680000e+02 5.279628e+01
5.690000e+02 5.168383e+01
5.700000e+02 5.244553e+01
5.710000e+02 5.256422e+01
5.720000e+02 5.526048e+01
5.730000e+02 5.344567e+01
5.740000e+02 5.172232e+01
5.750000e+02 5.508391e+01
5.760000e+02 5.571497e+01
5.770000e+02 5.620534e+01
5.780000e+02 5.534021e+01
5.790000e+02 5.593789e+01
5.800000e+02 5.853206e+01
5.810000e+02 5.714533e+01
5.820000e+02 5.767097e+01
5.830000e+02 5.537600e+01
5.840000e+02 5.976715e+01
5.850000e+02 5.873031e+01
5.860000e+02 5.734722e+01
5.870000e+02 5.832903e+01
5.880000e+02 5.357304e+01
5.890000e+02 6.007354e+01
5.900000e+02 5.970965e+01
5.910000e+02 6.171556e+01
5.920000e+02 6.286144e+01
5.930000e+02 5.948829e+01
5.940000e+02 6.078390e+01
5.950000e+02 6.422534e+01
5.960000e+02 6.456787e+01
5.970000e+02 5.848779e+01
5.980000e+02 6.308974e+01
5.990000e+02 6.251436e+01
6.000000e+02 6.263956e+01
6.010000e+02 6.475535e+01
6.020000e+02 6.435225e+01
6.030000e+02 6.797358e+01
6.040000e+02 6.629151e+01
6.050000e+02 6.774244e+01
6.060000e+02 6.319986e+01
6.070000e+02 6.929816e+01
6.080000e+02 7.019307e+01
6.090000e+02 6.975838e+01
6.100000e+02 6.882592e+01
6.110000e+02 6.725028e+01
6.120000e+02 7.179843e+01
6.130000e+02 7.137884e+01
6.140000e+02 7.145881e+01
6.150000e+02 7.496425e+01
6.160000e+02 7.049273e+01
6.170000e+02 6.996317e+01
6.180000e+02 7.308615e+01
6.190000e+02 7.524704e+01
6.200000e+02 7.427459e+01
6.210000e+02 7.809901e+01
6.220000e+02 6.382913e+01
6.230000e+02 7.565154e+01
6.240000e+02 7.600560e+01
6.250000e+02 7.867767e+01
6.260000e+02 8.041323e+01
6.270000e+02 8.402901e+01
6.280000e+02 8.352103e+01
6.290000e+02 8.612368e+01
6.300000e+02 8.115720e+01
6.310000e+02 8.617304e+01
6.320000e+02 8.484731e+01
6.330000e+02 8.395945e+01
6.340000e+02 8.537001e+01
6.350000e+02 8.722253e+01
6.360000e+02 8.553937e+01
6.370000e+02 8.773193e+01
6.380000e+02 9.282011e+01
6.390000e+02 9.226221e+01
6.400000e+02 8.751953e+01
6.410000e+02 1.001793e+02
6.420000e+02 1.000697e+02
6.430000e+02 9.246032e+01
6.440000e+02 9.705540e+01
6.450000e+02 9.883598e+01
6.460000e+02 1.030095e+02
6.470000e+02 1.011422e+02
6.480000e+02 1.053205e+02
6.490000e+02 1.030973e+02
6.500000e+02 9.835166e+01
6.510000e+02 9.836955e+01
6.520000e+02 9.192324e+01
6.530000e+02 1.009524e+02
6.540000e+02 1.066640e+02
6.550000e+02 9.972535e+01
6.560000e+02 9.537050e+01
6.570000e+02 9.492892e+01
6.580000e+02 1.018095e+02
6.590000e+02 9.572170e+01
6.600000e+02 1.039071e+02
6.610000e+02 9.704676e+01
6.620000e+02 9.927001e+01
6.630000e+02 9.178543e+01
6.640000e+02 9.008372e+01
6.650000e+02 9.467375e+01
6.660000e+02 9.120701e+01
6.670000e+02 9.278397e+01
6.680000e+02 9.312806e+01
6.690000e+02 9.287566e+01
6.700000e+02 9.450055e+01
6.710000e+02 9.299141e+01
6.720000e+02 9.276853e+01
6.730000e+02 8.810896e+01
6.740000e+02 8.937365e+01
6.750000e+02 9.185239e+01
6.760000e+02 9.687892e+01
6.770000e+02 9.608835e+01
6.780000e+02 9.007732e+01
6.790000e+02 9.607551e+01
6.800000e+02 9.236946e+01
6.810000e+02 9.230496e+01
6.820000e+02 9.502651e+01
6.830000e+02 9.246852e+01
6.840000e+02 9.118786e+01
6.850000e+02 8.875218e+01
6.860000e+02 9.009049e+01
6.870000e+02 9.136056e+01
6.880000e+02 8.993834e+01
6.890000e+02 8.519148e+01
6.900000e+02 8.927669e+01
6.910000e+02 8.633670e+01
6.920000e+02 8.723241e+01
6.930000e+02 8.936013e+01
6.940000e+02 8.899349e+01
6.950000e+02 8.788604e+01
6.960000e+02 8.556904e+01
6.970000e+02 8.518749e+01
6.980000e+02 8.791207e+01
6.990000e+02 8.881637e+01
7.000000e+02 8.821912e+01
7.010000e+02 8.720675e+01
7.020000e+02 9.110104e+01
7.030000e+02 8.443457e+01
7.040000e+02 8.879964e+01
7.050000e+02 8.602754e+01
7.060000e+02 8.900831e+01
7.070000e+02 8.354788e+01
7.080000e+02 8.880744e+01
7.090000e+02 8.602233e+01
7.100000e+02 8.698058e+01
7.110000e+02 8.542747e+01
7.120000e+02 8.509428e+01
7.130000e+02 8.149400e+01
7.140000e+02 7.778522e+01
7.150000e+02 8.028576e+01
7.160000e+02 8.235281e+01
7.170000e+02 8.245251e+01
7.180000e+02 8.261157e+01
7.190000e+02 8.025062e+01
7.200000e+02 7.689556e+01
7.210000e+02 7.653969e+01
7.220000e+02 8.020760e+01
7.230000e+02 8.082807e+01
7.240000e+02 7.805691e+01
7.250000e+02 8.144375e+01
7.260000e+02 7.999219e+01
7.270000e+02 7.426583e+01
7.280000e+02 7.965589e+01
7.290000e+02 7.892549e+01
7.300000e+02 7.689619e+01
7.310000e+02 7.591367e+01
7.320000e+02 7.713728e+01
7.330000e+02 7.424019e+01
7.340000e+02 7.483793e+01
7.350000e+02 7.233792e+01
7.360000e+02 7.107141e+01
7.370000e+02 7.460139e+01
7.380000e+02 7.299504e+01
7.390000e+02 7.402098e+01
7.400000e+02 6.873223e+01
7.410000e+02 7.213562e+01
7.420000e+02 7.057613e+01
7.430000e+02 6.828988e+01
7.440000e+02 6.712801e+01
7.450000e+02 7.009232e+01
7.460000e+02 6.628109e+01
7.470000e+02 6.952331e+01
7.480000e+02 6.951592e+01
7.490000e+02 6.416495e+01
7.500000e+02 6.858070e+01
7.510000e+02 6.681492e+01
7.520000e+02 6.219012e+01
7.530000e+02 6.411981e+01
7.540000e+02 6.315075e+01
7.550000e+02 6.288357e+01
7.560000e+02 6.318840e+01
7.570000e+02 6.437343e+01
7.580000e+02 6.481921e+01
7.590000e+02 6.172686e+01
7.600000e+02 6.196351e+01
7.610000e+02 6.325242e+01
7.620000e+02 5.914099e+01
7.630000e+02 6.172701e+01
7.640000e+02 5.819073e+01
7.650000e+02 5.824062e+01
7.660000e+02 5.649378e+01
7.670000e+02 5.852286e+01
7.680000e+02 5.755288e+01
7.690000e+02 6.038831e+01
7.700000e+02 5.426081e+01
7.710000e+02 5.916739e+01
7.720000e+02 5.441619e+01
7.730000e+02 5.694813e+01
7.740000e+02 5.847427e+01
7.750000e+02 5.804775e+01
7.760000e+02 5.496180e+01
7.770000e+02 4.754790e+01
7.780000e+02 5.350980e+01
7.790000e+02 5.182265e+01
7.800000e+02 5.115404e+01
7.810000e+02 5.417672e+01
7.820000e+02 5.284024e+01
7.830000e+02 5.257767e+01
7.840000e+02 5.329625e+01
7.850000e+02 4.860884e+01
7.860000e+02 5.395169e+01
7.870000e+02 5.219205e+01
7.880000e+02 4.751198e+01
7.890000e+02 5.212506e+01
7.900000e+02 5.067526e+01
7.910000e+02 4.922578e+01
7.920000e+02 4.894324e+01
7.930000e+02 4.943918e+01
7.940000e+02 4.321235e+01
7.950000e+02 4.479598e+01
7.960000e+02 4.722963e+01
7.970000e+02 4.624886e+01
7.980000e+02 4.229819e+01
7.990000e+02 4.680876e+01
8.000000e+02 4.420895e+01
8.010000e+02 4.113684e+01
8.020000e+02 3.962995e+01
8.030000e+02 4.553633e+01
8.040000e+02 4.388091e+01
8.050000e+02 4.533604e+01
8.060000e+02 4.007817e+01
8.070000e+02 4.369607e+01
8.080000e+02 4.374792e+01
8.090000e+02 4.007308e+01
8.100000e+02 3.989728e+01
8.110000e+02 4.125312e+01
8.120000e+02 4.067168e+01
8.130000e+02 4.005347e+01
8.140000e+02 4.027334e+01
8.150000e+02 3.898843e+01
8.160000e+02 3.560713e+01
8.170000e+02 3.937220e+01
8.180000e+02 3.779768e+01
8.190000e+02 3.770100e+01
8.200000e+02 3.832812e+01
8.210000e+02 3.888061e+01
8.220000e+02 3.570543e+01
8.230000e+02 3.568935e+01
8.240000e+02 3.655082e+01
8.250000e+02 3.615842e+01
8.260000e+02 3.498345e+01
8.270000e+02 3.511543e+01
8.280000e+02 2.997419e+01
8.290000e+02 3.500597e+01
8.300000e+02 3.597609e+01
8.310000e+02 3.285462e+01
8.320000e+02 3.412961e+01
8.330000e+02 3.233602e+01
8.340000e+02 3.262255e+01
8.350000e+02 3.307416e+01
8.360000e+02 3.141787e+01
8.370000e+02 3.251172e+01
8.380000e+02 3.190118e+01
8.390000e+02 3.104933e+01
8.400000e+02 3.008217e+01
8.410000e+02 3.124057e+01
8.420000e+02 3.049755e+01
8.430000e+02 3.189304e+01
8.440000e+02 3.169977e+01
8.450000e+02 2.878550e+01
8.460000e+02 3.157443e+01
8.470000e+02 3.020905e+01
8.480000e+02 2.893059e+01
8.490000e+02 2.922066e+01
8.500000e+02 2.613745e+01
8.510000e+02 2.773283e+01
8.520000e+02 2.985732e+01
8.530000e+02 2.766757e+01
8.540000e+02 2.772755e+01
8.550000e+02 2.923022e+01
8.560000e+02 2.736240e+01
8.570000e+02 2.659574e+01
8.580000e+02 2.834493e+01
8.590000e+02 2.622334e+01
8.600000e+02 2.603556e+01
8.610000e+02 2.533071e+01
8.620000e+02 2.457508e+01
8.630000e+02 2.319895e+01
8.640000e+02 2.461289e+01
8.650000e+02 2.415425e+01
8.660000e+02 2.383945e+01
8.670000e+02 2.350077e+01
8.680000e+02 2.422246e+01
8.690000e+02 2.080033e+01
8.700000e+02 2.301609e+01
8.710000e+02 2.167666e+01
8.720000e+02 2.136946e+01
8.730000e+02 2.190594e+01
8.740000e+02 1.744156e+01
8.750000e+02 2.091650e+01
8.760000e+02 2.173082e+01
8.770000e+02 2.266643e+01
8.780000e+02 2.240803e+01
8.790000e+02 2.013714e+01
8.800000e+02 2.032695e+01
8.810000e+02 2.087222e+01
8.820000e+02 1.993668e+01
8.830000e+02 2.045029e+01
8.840000e+02 2.024047e+01
8.850000e+02 2.060999e+01
8.860000e+02 1.997288e+01
8.870000e+02 1.841241e+01
8.880000e+02 1.881726e+01
8.890000e+02 1.811435e+01
8.900000e+02 1.958769e+01
8.910000e+02 1.935004e+01
8.920000e+02 1.797614e+01
8.930000e+02 1.670178e+01
8.940000e+02 1.751391e+01
8.950000e+02 1.791151e+01
8.960000e+02 1.992362e+01
8.970000e+02 1.821981e+01
8.980000e+02 1.903342e+01
8.990000e+02 1.635546e+01
9.000000e+02 1.512252e+01
9.010000e+02 1.690637e+01
9.020000e+02 1.762758e+01
9.030000e+02 1.806341e+01
9.040000e+02 1.676940e+01
9.050000e+02 1.606260e+01
9.060000e+02 1.524447e+01
9.070000e+02 1.565390e+01
9.080000e+02 1.661491e+01
9.090000e+02 1.608636e+01
9.100000e+02 1.601726e+01
9.110000e+02 1.495712e+01
9.120000e+02 1.619825e+01
9.130000e+02 1.493158e+01
9.140000e+02 1.645033e+01
9.150000e+02 1.719020e+01
9.160000e+02 1.624377e+01
9.170000e+02 1.645280e+01
9.180000e+02 1.516065e+01
9.190000e+02 1.266414e+01
9.200000e+02 1.494662e+01
9.210000e+02 1.469367e+01
9.220000e+02 1.438579e+01
9.230000e+02 1.581749e+01
9.240000e+02 1.523363e+01
9.250000e+02 1.630298e+01
9.260000e+02 1.527625e+01
9.270000e+02 1.250017e+01
9.280000e+02 1.637844e+01
9.290000e+02 1.417620e+01
9.300000e+02 1.560147e+01
9.310000e+02 1.203049e+01
9.320000e+02 1.433637e+01
9.330000e+02 1.262058e+01
9.340000e+02 1.372701e+01
9.350000e+02 1.317693e+01
9.360000e+02 1.150385e+01
9.370000e+02 1.121380e+01
9.380000e+02 1.154966e+01
9.390000e+02 1.380308e+01
9.400000e+02 1.178249e+01
9.410000e+02 1.272617e+01
9.420000e+02 1.334134e+01
9.430000e+02 1.263088e+01
9.440000e+02 1.274468e+01
9.450000e+02 1.043283e+01
9.460000e+02 1.404346e+01
9.470000e+02 1.255614e+01
9.480000e+02 1.449940e+01
9.490000e+02 1.161223e+01
9.500000e+02 1.444666e+01
9.510000e+02 1.211559e+01
9.520000e+02 1.191829e+01
9.530000e+02 1.356031e+01
9.540000e+02 1.457959e+01
9.550000e+02 1.063596e+01
9.560000e+02 1.334286e+01
9.570000e+02 1.117347e+01
9.580000e+02 1.597578e+01
9.590000e+02 1.070611e+01
9.600000e+02 1.098439e+01
9.610000e+02 9.026444e+00
9.620000e+02 8.895582e+00
9.630000e+02 9.131792e+00
9.640000e+02 9.305904e+00
9.650000e+02 1.418683e+01
9.660000e+02 8.982482e+00
9.670000e+02 1.086885e+01
9.680000e+02 8.614087e+00
9.690000e+02 1.149826e+01
9.700000e+02 1.121897e+01
9.710000e+02 1.094480e+01
9.720000e+02 8.979881e+00
9.730000e+02 7.872728e+00
9.740000e+02 8.572848e+00
9.750000e+02 9.175681e+00
9.760000e+02 1.002374e+01
9.770000e+02 1.127638e+01
9.780000e+02 9.836502e+00
9.790000e+02 7.292599e+00
9.800000e+02 7.576877e+00
9.810000e+02 8.095802e+00
9.820000e+02 9.051122e+00
9.830000e+02 7.881494e+00
9.840000e+02 9.350033e+00
9.850000e+02 1.179229e+01
9.860000e+02 9.777033e+00
9.870000e+02 1.040811e+01
9.880000e+02 1.382895e+01
9.890000e+02 8.309153e+00
9.900000e+02 1.217927e+01
9.910000e+02 1.263142e+01
9.920000e+02 1.315056e+01
9.930000e+02 9.714670e+00
9.940000e+02 1.014230e+01
9.950000e+02 1.051079e+01
9.960000e+02 1.012134e+01
9.970000e+02 1.077828e+01
9.980000e+02 7.192917e+00
9.990000e+02 6.685225e+00
1.000000e+03 1.161452e+01
1.001000e+03 8.768475e+00
1.002000e+03 1.046864e+01
1.003000e+03 9.435607e+00
1.004000e+03 1.140454e+01
1.005000e+03 1.039746e+01
1.006000e+03 1.119329e+01
1.007000e+03 1.001163e+01
1.008000e+03 1.351562e+01
1.009000e+03 1.098066e+01
1.010000e+03 9.370786e+00
1.011000e+03 8.867437e+00
1.012000e+03 9.419211e+00
1.013000e+03 9.169796e+00
1.014000e+03 8.157779e+00
1.015000e+03 8.615441e+00
1.016000e+03 6.683704e+00
1.017000e+03 1.271723e+01
1.018000e+03 1.355925e+01
1.019000e+03 9.241552e+00
1.020000e+03 1.187682e+01
1.021000e+03 1.015141e+01
1.022000e+03 8.676480e+00
1.023000e+03 1.314243e+01
1.024000e+03 8.341847e+00
1.025000e+03 9.911280e+00
1.026000e+03 9.760923e+00
1.027000e+03 7.317585e+00
1.028000e+03 5.360888e+00
1.029000e+03 1.275376e+01
1.030000e+03 9.519926e+00
1.031000e+03 9.908473e+00
1.032000e+03 7.310448e+00
1.033000e+03 7.517108e+00
1.034000e+03 9.716267e+00
1.035000e+03 6.858013e+00
1.036000e+03 1.120445e+01
1.037000e+03 9.037754e+00
1.038000e+03 1.084167e+01
1.039000e+03 8.001789e+00
1.040000e+03 1.238562e+01
1.041000e+03 7.709690e+00
1.042000e+03 5.404816e+00
1.043000e+03 1.018235e+01
1.044000e+03 5.752727e+00
1.045000e+03 6.634637e+00
1.046000e+03 1.062732e+01
1.047000e+03 8.678054e+00
1.048000e+03 7.517992e+00
1.049000e+03 9.668816e+00
1.050000e+03 8.121564e+00
1.051000e+03 5.842843e+00
1.052000e+03 6.576312e+00
1.053000e+03 8.472707e+00
1.054000e+03 9.274758e+00
1.055000e+03 4.865409e+00
1.056000e+03 8.522152e+00
1.057000e+03 1.354985e+01
1.058000e+03 6.575832e+00
1.059000e+03 9.099966e+00
1.060000e+03 1.029078e+01
1.061000e+03 5.851902e+00
1.062000e+03 7.061512e+00
1.063000e+03 3.663540e+00
1.064000e+03 1.245221e+01
1.065000e+03 8.626389e+00
1.066000e+03 9.891868e+00
1.067000e+03 8.184877e+00
1.068000e+03 7.562483e+00
1.069000e+03 3.236934e+00
1.070000e+03 1.820622e+00
1.071000e+03 7.311089e+00
1.072000e+03 9.770201e+00
1.073000e+03 9.345832e+00
1.074000e+03 1.453518e+01
1.075000e+03 1.513834e+01
1.076000e+03 6.329021e+00
1.077000e+03 1.382944e+01
1.078000e+03 7.447111e+00
1.079000e+03 8.467936e+00
1.080000e+03 9.452114e+00
1.081000e+03 1.134770e+01
1.082000e+03 9.510005e+00
1.083000e+03 1.143281e+01
1.084000e+03 8.685053e+00
1.085000e+03 8.321016e+00
1.086000e+03 1.070174e+01
1.087000e+03 4.876767e+00
1.088000e+03 1.609257e+00
1.089000e+03 5.463844e+00
1.090000e+03 7.721346e+00
1.091000e+03 2.932146e+00
1.092000e+03 5.157474e+00
1.093000e+03 7.166632e+00
1.094000e+03 6.196393e+00
1.095000e+03 9.121295e+00
1.096000e+03 1.193020e+01
1.097000e+03 1.142999e+01
1.098000e+03 1.059379e+01
1.099000e+03 1.865574e-01
1.100000e+03 3.871854e+00
1.101000e+03 6.379103e+00
1.102000e+03 1.340992e+01
1.103000e+03 1.045387e+01
1.104000e+03 9.743107e+00
1.105000e+03 8.560140e+00
1.106000e+03 5.092127e+00
1.107000e+03 6.057616e+00
1.108000e+03 6.387365e+00
1.109000e+03 7.542712e+00
1.110000e+03 9.060292e+00
1.111000e+03 7.280556e+00
1.112000e+03 2.761880e+00
1.113000e+03 8.968833e+00
1.114000e+03 1.310142e+01
1.115000e+03 1.407952e+01
1.116000e+03 1.130591e+01
1.117000e+03 8.524746e+00
1.118000e+03 2.664576e+00
1.119000e+03 1.166381e+01
1.120000e+03 1.022795e+01
1.121000e+03 9.724966e+00
1.122000e+03 1.169746e+01
1.123000e+03 1.010636e+01
1.124000e+03 2.364868e+00
1.125000e+03 1.350225e+01
1.126000e+03 8.326743e+00
1.127000e+03 8.333469e+00
1.128000e+03 6.665515e+00
1.129000e+03 6.083621e+00
1.130000e+03 9.903590e+00
1.131000e+03 5.719563e+00
1.132000e+03 4.306099e+00
1.133000e+03 5.797190e+00
1.134000e+03 8.933010e+00
1.135000e+03 1.286945e+01
1.136000e+03 1.501763e+01
1.137000e+03 1.050798e+01
1.138000e+03 1.014365e+01
1.139000e+03 8.831425e+00
1.140000e+03 9.218314e+00
1.141000e+03 3.286917e+00
1.142000e+03 9.212859e+00
1.143000e+03 1.298570e+01
1.144000e+03 1.097219e+01
1.145000e+03 7.498374e+00
1.146000e+03 8.303692e+00
1.147000e+03 8.246456e+00
1.148000e+03 6.029724e+00
1.149000e+03 7.173716e+00
1.150000e+03 1.085742e+01
1.151000e+03 9.968011e+00
1.152000e+03 5.753715e+00
1.153000e+03 9.397158e+00
1.154000e+03 7.840945e+00
1.155000e+03 4.194371e+00
1.156000e+03 4.473611e+00
1.157000e+03 7.965253e+00
1.158000e+03 3.981748e+00
1.159000e+03 6.737971e+00
1.160000e+03 1.079595e+01
1.161000e+03 7.551717e+00
1.162000e+03 9.836835e+00
1.163000e+03 8.177068e+00
1.164000e+03 5.678155e+00
1.165000e+03 6.281335e+00
1.166000e+03 4.327044e+00
1.167000e+03 8.158739e+00
1.168000e+03 1.010170e+01
1.169000e+03 6.786069e+00
1.170000e+03 4.415299e+00
1.171000e+03 3.555825e+00
1.172000e+03 9.822083e+00
1.173000e+03 2.940872e+00
1.174000e+03 9.413893e+00
1.175000e+03 5.625202e+00
1.176000e+03 -3.546825e+00
1.177000e+03 1.623060e+01
1.178000e+03 4.945238e+00
1.179000e+03 8.283845e+00
1.180000e+03 7.888035e+00
1.181000e+03 6.700827e+00
1.182000e+03 -9.038682e-01
1.183000e+03 1.210684e+01
1.184000e+03 7.612103e+00
1.185000e+03 1.156913e+01
1.186000e+03 8.052563e+00
1.187000e+03 6.496092e+00
1.188000e+03 2.159483e+00
1.189000e+03 9.597015e+00
1.190000e+03 -1.514044e+00
1.191000e+03 2.854977e+00
1.192000e+03 6.230024e+00
1.193000e+03 1.001168e+01
1.194000e+03 6.414214e+00
1.195000e+03 1.030239e+01
1.196000e+03 7.061649e+00
1.197000e+03 4.166216e+00
1.198000e+03 6.210946e+00
1.199000e+03 1.500374e+01
1.200000e+03 5.219811e+00
1.201000e+03 7.193090e+00
1.202000e+03 6.052610e+00
1.203000e+03 5.944024e+00
1.204000e+03 1.197213e+01
1.205000e+03 3.622103e+00
1.206000e+03 1.108827e+01
1.207000e+03 1.249020e+01
1.208000e+03 3.801405e+00
1.209000e+03 1.163235e+01
1.210000e+03 7.496542e+00
1.211000e+03 1.010262e+01
1.212000e+03 8.117632e+00
1.213000e+03 1.665585e+01
1.214000e+03 1.187123e+01
1.215000e+03 9.365233e+00
1.216000e+03 4.144320e+00
1.217000e+03 1.346409e+01
1.218000e+03 7.890883e+00
1.219000e+03 8.758444e+00
1.220000e+03 1.547180e+01
1.221000e+03 1.510443e+01
1.222000e+03 1.108793e+01
1.223000e+03 1.123596e+01
1.224000e+03 3.363622e+00
1.225000e+03 3.650233e+00
1.226000e+03 4.433575e+00
1.227000e+03 1.182145e+01
1.228000e+03 5.626396e+00
1.229000e+03 7.502292e+00
1.230000e+03 7.489263e+00
1.231000e+03 8.569980e+00
1.232000e+03 6.260281e+00
1.233000e+03 8.349618e+00
1.234000e+03 1.039646e+01
1.235000e+03 1.005766e+01
1.236000e+03 1.026343e+01
1.237000e+03 5.717348e+00
1.238000e+03 1.066112e+01
1.239000e+03 8.202333e+00
1.240000e+03 7.677268e+00
1.241000e+03 1.015789e+01
1.242000e+03 4.938449e+00
1.243000e+03 9.568257e+00
1.244000e+03 8.320013e+00
1.245000e+03 7.705864e+00
1.246000e+03 1.031533e+01
1.247000e+03 6.186252e+00
1.248000e+03 4.219606e+00
1.249000e+03 9.055413e+00
1.250000e+03 4.931809e+00
1.251000e+03 1.462212e+01
1.252000e+03 1.293488e+01
1.253000e+03 5.219538e+00
1.254000e+03 9.689539e+00
1.255000e+03 3.089036e+00
1.256000e+03 7.066496e+00
1.257000e+03 1.219130e+01
1.258000e+03 1.497463e+01
1.259000e+03 2.193922e-01
1.260000e+03 5.182330e+00
1.261000e+03 6.898960e+00
1.262000e+03 1.755821e+00
1.263000e+03 9.181635e+00
1.264000e+03 1.282703e+01
1.265000e+03 9.737049e+00
1.266000e+03 -1.392349e+00
1.267000e+03 1.025699e+01
1.268000e+03 6.600067e+00
1.269000e+03 7.011330e+00
1.270000e+03 6.254844e+00
1.271000e+03 1.427556e+01
1.272000e+03 5.592200e+00
1.273000e+03 6.146571e+00
1.274000e+03 4.760896e+00
1.275000e+03 5.255414e+00
1.276000e+03 8.793825e+00
1.277000e+03 8.740112e+00
1.278000e+03 2.307256e+00
1.279000e+03 4.908341e+00
1.280000e+03 7.328821e+00
1.281000e+03 2.734180e+00
1.282000e+03 -1.620228e+00
1.283000e+03 3.795396e+00
1.284000e+03 1.170004e+01
1.285000e+03 6.544784e+00
1.286000e+03 2.414816e+00
1.287000e+03 2.311231e+00
1.288000e+03 4.521012e+00
1.289000e+03 8.319783e+00
1.290000e+03 6.367333e+00
1.291000e+03 2.043806e+00
1.292000e+03 4.391206e+00
1.293000e+03 5.708359e+00
1.294000e+03 5.923890e+00
1.295000e+03 8.044844e+00
1.296000e+03 9.605431e+00
1.297000e+03 1.002254e+01
1.298000e+03 9.794887e+00
1.299000e+03 7.243579e+00
1.300000e+03 -1.196800e+00
1.301000e+03 2.314126e+00
1.302000e+03 1.054620e+01
1.303000e+03 8.413002e+00
1.304000e+03 5.293650e+00
1.305000e+03 6.129397e+00
1.306000e+03 9.072950e+00
1.307000e+03 -3.876606e+00
1.308000e+03 -1.067750e+00
1.309000e+03 5.577292e+00
1.310000e+03 -1.500675e+00
1.311000e+03 8.651413e+00
1.312000e+03 8.486914e+00
1.313000e+03 8.285886e+00
1.314000e+03 7.262456e+00
1.315000e+03 1.053832e+01
1.316000e+03 7.279138e+00
1.317000e+03 4.293728e+00
1.318000e+03 3.304222e-01
1.319000e+03 2.937107e-01
1.320000e+03 7.018446e+00
1.321000e+03 1.183603e+00
1.322000e+03 9.835933e+00
1.323000e+03 5.185782e+00
1.324000e+03 1.068610e+01
1.325000e+03 3.189207e+00
1.326000e+03 5.137220e+00
1.327000e+03 4.083568e+00
1.328000e+03 3.930029e+00
1.329000e+03 1.808679e+01
1.330000e+03 4.155971e+00
1.331000e+03 6.550516e+00
1.332000e+03 3.877322e+00
1.333000e+03 8.264765e+00
1.334000e+03 7.992410e+00
1.335000e+03 1.128071e+01
1.336000e+03 8.631213e+00
1.337000e+03 5.821765e+00
1.338000e+03 1.236930e+00
1.339000e+03 1.561117e+01
1.340000e+03 7.275702e+00
1.341000e+03 4.007007e+00
1.342000e+03 4.469429e+00
1.343000e+03 1.099526e+01
1.344000e+03 8.708379e+00
1.345000e+03 1.182024e+00
1.346000e+03 7.912686e+00
1.347000e+03 1.707166e+00
1.348000e+03 6.449179e+00
1.349000e+03 1.255232e+01
1.350000e+03 1.066248e+01
1.351000e+03 5.152317e+00
1.352000e+03 9.114156e+00
1.353000e+03 7.910230e+00
1.354000e+03 2.966651e+00
1.355000e+03 7.780872e+00
1.356000e+03 9.952274e+00
1.357000e+03 3.899237e+00
1.358000e+03 1.424544e+01
1.359000e+03 1.087347e+01
1.360000e+03 5.964403e+00
1.361000e+03 7.113353e+00
1.362000e+03 6.798501e+00
1.363000e+03 9.019594e+00
1.364000e+03 1.266981e+01
1.365000e+03 8.157896e-01
1.366000e+03 2.712174e+00
1.367000e+03 1.117141e+00
1.368000e+03 1.016196e+01
1.369000e+03 8.189949e+00
1.370000e+03 2.730578e+00
1.371000e+03 1.045574e+01
1.372000e+03 7.725515e+00
1.373000e+03 1.018137e+01
1.374000e+03 7.535330e+00
1.375000e+03 9.700029e+00
1.376000e+03 2.564863e+00
1.377000e+03 5.345012e+00
1.378000e+03 5.166404e+00
1.379000e+03 5.698269e+00
1.380000e+03 -7.050647e-01
1.381000e+03 7.958574e+00
1.382000e+03 1.523853e+01
1.383000e+03 5.140758e+00
1.384000e+03 1.409770e+01
1.385000e+03 5.198668e+00
1.386000e+03 7.276417e-02
1.387000e+03 1.541853e+01
1.388000e+03 1.028655e+01
1.389000e+03 7.661269e+00
1.390000e+03 -6.027379e-01
1.391000e+03 6.371149e+00
1.392000e+03 -3.452144e+00
1.393000e+03 3.234665e+00
1.394000e+03 7.678153e+00
1.395000e+03 8.882031e+00
1.396000e+03 1.597976e+01
1.397000e+03 8.276347e+00
1.398000e+03 5.689451e+00
1.399000e+03 7.195854e+00
1.400000e+03 7.740254e+00
1.401000e+03 1.212105e+01
1.402000e+03 1.731142e+01
1.403000e+03 1.413397e+01
1.404000e+03 1.629062e+01
1.405000e+03 5.447084e-02
1.406000e+03 6.276551e+00
1.407000e+03 5.909257e+00
1.408000e+03 3.322011e-01
1.409000e+03 1.004536e+01
1.410000e+03 8.787159e+00
1.411000e+03 1.177370e+01
1.412000e+03 1.022619e+01
1.413000e+03 1.052809e+01
1.414000e+03 1.391435e+01
1.415000e+03 1.803697e+01
1.416000e+03 5.636545e+00
1.417000e+03 1.953536e+01
1.418000e+03 2.343147e+01
1.419000e+03 2.437668e+01
1.420000e+03 1.456845e+01
1.421000e+03 1.634496e+01
1.422000e+03 1.568533e+01
1.423000e+03 1.169136e+01
1.424000e+03 1.005211e+01
1.425000e+03 1.852864e+01
1.426000e+03 1.480527e+01
1.427000e+03 1.555612e+01
1.428000e+03 1.287390e+01
1.429000e+03 9.815614e+00
1.430000e+03 9.715655e+00
1.431000e+03 1.324565e+01
1.432000e+03 1.278606e+01
1.433000e+03 9.539933e+00
1.434000e+03 9.101804e+00
1.435000e+03 2.677300e+01
1.436000e+03 1.510653e+01
1.437000e+03 6.836662e+00
1.438000e+03 1.442818e+01
1.439000e+03 7.918824e+00
1.440000e+03 7.226786e+00
1.441000e+03 2.816101e+00
1.442000e+03 1.398702e+01
1.443000e+03 5.901657e+00
1.444000e+03 6.837441e+00
1.445000e+03 1.141182e+01
1.446000e+03 -3.856137e+00
1.447000e+03 1.759729e+01
1.448000e+03 1.113070e+01
1.449000e+03 2.123923e+01
1.450000e+03 1.737027e+01
1.451000e+03 -1.925754e+00
1.452000e+03 1.942823e+01
1.453000e+03 1.544451e+01
1.454000e+03 1.174748e+01
1.455000e+03 1.416690e+01
1.456000e+03 1.019710e+01
1.457000e+03 1.346154e+01
1.458000e+03 1.641050e+01
1.459000e+03 1.715150e+01
1.460000e+03 5.489318e-01
1.461000e+03 1.006150e+01
1.462000e+03 1.146645e+01
1.463000e+03 6.602953e+00
1.464000e+03 1.315007e+01
1.465000e+03 1.764643e+01
1.466000e+03 8.462544e+00
1.467000e+03 6.548400e+00
1.468000e+03 2.258397e+01
1.469000e+03 2.230961e+01
1.470000e+03 1.487330e+01
1.471000e+03 6.689395e+00
1.472000e+03 1.950175e+01
1.473000e+03 1.040234e+01
1.474000e+03 1.409752e+01
1.475000e+03 1.745365e+01
1.476000e+03 1.247867e+01
1.477000e+03 1.035707e+01
1.478000e+03 7.130215e+00
1.479000e+03 6.406752e+00
1.480000e+03 -4.231637e+00
1.481000e+03 1.863916e+01
1.482000e+03 1.730356e+01
1.483000e+03 7.856068e+00
1.484000e+03 1.215813e+01
1.485000e+03 1.380773e+01
1.486000e+03 7.112397e+00
1.487000e+03 7.173630e+00
1.488000e+03 1.350960e+01
1.489000e+03 1.656186e+01
1.490000e+03 4.046992e+00
1.491000e+03 6.819883e+00
1.492000e+03 8.047355e+00
1.493000e+03 -1.330026e+00
1.494000e+03 -9.770155e+00
1.495000e+03 -8.583999e+00
1.496000e+03 -7.968108e+00
1.497000e+03 -1.350157e+01
1.498000e+03 -1.503679e+01
1.499000e+03 -9.279551e+00
1.500000e+03 3.634897e+00
1.501000e+03 -2.110374e+00
1.502000e+03 3.474043e+00
1.503000e+03 1.107639e+01
1.504000e+03 8.340604e+00
1.505000e+03 1.118328e+01
1.506000e+03 1.071104e+01
1.507000e+03 1.572640e+01
1.508000e+03 1.455139e+01
1.509000e+03 -5.657495e-01
1.510000e+03 9.294778e+00
1.511000e+03 1.405029e+01
1.512000e+03 1.138100e+01
1.513000e+03 7.436553e+00
1.514000e+03 9.896133e+00
1.515000e+03 1.699065e+01
1.516000e+03 1.312882e+01
1.517000e+03 3.554091e+00
1.518000e+03 1.132710e+01
1.519000e+03 1.687192e+01
1.520000e+03 1.143143e+01
1.521000e+03 6.694425e+00
1.522000e+03 3.740631e+00
1.523000e+03 -4.441197e+00
1.524000e+03 1.516065e+01
1.525000e+03 1.639799e+01
1.526000e+03 1.695297e+01
1.527000e+03 1.738085e+01
1.528000e+03 1.237074e+01
1.529000e+03 1.995559e+01
1.530000e+03 3.889722e+00
1.531000e+03 3.570880e+00
1.532000e+03 1.090722e+01
1.533000e+03 5.608612e+00
1.534000e+03 1.875791e+01
1.535000e+03 1.632378e+01
1.536000e+03 8.771315e+00
1.537000e+03 1.353580e+01
1.538000e+03 1.163054e+01
1.539000e+03 1.177371e+01
1.540000e+03 1.438362e+01
1.541000e+03 1.141545e+01
1.542000e+03 8.858421e-02
1.543000e+03 1.950793e+01
1.544000e+03 1.321137e+01
1.545000e+03 1.093922e+01
1.546000e+03 2.039512e+01
1.547000e+03 1.816459e+01
1.548000e+03 7.644789e+00
1.549000e+03 1.986086e+01
1.550000e+03 1.161288e+01
1.551000e+03 1.460429e+01
1.552000e+03 2.229103e+01
1.553000e+03 1.693670e+01
1.554000e+03 5.481579e-01
1.555000e+03 2.881093e+00
1.556000e+03 3.619392e+00
1.557000e+03 6.323313e+00
1.558000e+03 7.052331e+00
1.559000e+03 3.204364e+00
1.560000e+03 1.170679e+01
1.561000e+03 3.933306e+00
1.562000e+03 7.191946e+00
1.563000e+03 1.504031e+00
1.564000e+03 1.326007e+01
1.565000e+03 9.780168e+00
1.566000e+03 1.744184e+01
1.567000e+03 1.373709e+01
1.568000e+03 4.789752e+00
1.569000e+03 2.126611e+00
1.570000e+03 9.264232e+00
1.571000e+03 1.078982e+01
1.572000e+03 1.823239e+01
1.573000e+03 1.118716e+01
1.574000e+03 6.716986e+00
1.575000e+03 6.993449e+00
1.576000e+03 1.812420e+01
1.577000e+03 1.388157e+01
1.578000e+03 1.228931e+01
1.579000e+03 1.120825e+01
1.580000e+03 1.004974e+01
1.581000e+03 9.184580e+00
1.582000e+03 1.493667e+01
1.583000e+03 9.970361e+00
1.584000e+03 1.303293e+01
1.585000e+03 6.156060e+00
1.586000e+03 8.147043e+00
1.587000e+03 1.627854e+00
1.588000e+03 -6.536168e+00
1.589000e+03 5.076002e+00
1.590000e+03 4.353111e+00
1.591000e+03 7.068464e+00
1.592000e+03 1.782596e+01
1.593000e+03 7.329060e+00
1.594000e+03 1.313684e+01
1.595000e+03 8.599982e+00
1.596000e+03 3.263137e-01
1.597000e+03 1.950527e+01
1.598000e+03 9.400015e+00
1.599000e+03 9.473842e-02
1.600000e+03 2.490526e+01
